15	30	53	37	49
10	43	80	14	54
26	47	15	23	17
88	18	72	57	63
78	72	67	25	71
84	24	58	63	100
65	82	18	14	21
22	34	51	61	30
43	54	92	34	56
16	55	45	42	92
58	51	64	36	90
57	42	96	93	93
48	45	59	61	60
96	37	91	41	81
35	57	53	22	16
28	34	44	28	74
100	66	53	58	91
59	56	33	17	92
64	17	79	54	46
22	74	10	25	39
67	28	31	41	93
80	87	37	48	81
96	85	69	13	10
57	34	53	23	86
50	89	82	41	69
26	14	31	82	78
61	42	55	13	83
42	15	20	29	22
48	27	96	18	37
29	97	64	30	43
77	35	75	27	51
94	75	59	91	80
33	59	59	73	34
94	59	98	77	81
82	15	85	42	61
84	69	15	98	76
51	18	90	36	29
49	85	92	71	37
33	100	36	69	65
64	50	45	99	32
33	89	77	12	55
83	94	57	85	15
97	87	71	44	58
15	42	91	29	64
14	78	59	66	44
77	90	34	73	73
67	94	27	18	74
11	77	48	78	83
91	22	21	80	80
98	72	89	77	55
81	96	36	89	56
11	97	45	76	65
46	40	54	65	25
47	52	85	21	56
46	71	44	24	42
92	65	20	37	25
60	30	50	20	90
100	13	18	78	26
36	86	96	52	47
19	31	37	43	18
11	54	64	70	19
91	64	24	86	76
84	70	19	99	84
92	33	56	83	92
81	31	96	36	10
93	32	12	94	46
41	90	90	10	97
25	64	59	39	52
30	74	13	78	40
12	32	41	71	19
92	52	64	64	12
85	83	71	19	68
23	79	54	81	53
61	97	35	85	52
22	56	33	31	55
19	36	11	81	100
32	24	54	74	27
16	90	82	27	30
71	59	67	45	95
19	27	32	49	37
41	46	87	44	98
79	86	89	25	33
27	70	13	87	13
89	74	62	89	88
91	93	15	10	99
35	17	22	91	67
78	55	20	19	76
55	13	91	89	74
48	16	48	55	79
100	37	48	84	53
31	72	92	38	11
19	38	57	82	98
100	58	12	75	13
14	67	84	48	90
87	18	73	50	71
40	19	18	27	81
40	98	48	47	26
46	26	93	98	64
29	63	88	84	91
18	95	88	58	61
19	17	80	43	60
67	13	61	28	20
26	58	69	12	15
22	64	38	92	46
61	18	89	21	11
82	97	23	44	31
59	59	92	87	18
41	98	73	58	65
33	31	97	79	59
85	19	50	85	59
49	53	17	10	61
33	50	22	86	84
22	36	59	16	50
75	63	75	69	61
89	28	85	13	64
49	31	37	28	79
62	65	70	39	47
64	71	24	76	33
68	67	48	94	12
64	20	58	42	57
46	84	38	81	83
67	76	13	27	84
31	37	12	18	17
47	79	74	93	26
52	79	55	47	24
45	68	66	43	59
98	100	15	66	34
25	12	47	100	62
99	46	32	23	91
50	36	57	47	93
11	30	13	39	90
98	29	45	38	63
68	15	94	86	54
20	39	53	60	20
62	52	97	18	30
98	32	42	96	53
86	12	73	23	86
83	40	83	25	63
83	24	17	28	84
60	49	30	22	86
64	87	68	40	43
11	89	91	84	72
50	67	19	95	100
96	35	37	100	51
75	40	34	51	27
72	54	83	85	90
10	29	94	75	77
49	34	34	85	56
68	56	17	63	41
43	72	69	70	36
48	73	93	39	40
87	91	16	25	84
95	80	56	19	18
80	11	100	12	84
30	56	59	70	90
67	18	31	55	52
92	16	55	56	15
23	39	43	37	41
65	59	46	23	37
72	36	54	72	42
94	43	15	89	35
76	48	23	72	36
61	12	27	42	95
87	38	80	39	88
79	90	40	75	28
38	68	99	88	34
60	45	88	97	56
99	22	58	44	13
43	80	63	11	62
54	78	34	33	44
16	11	35	10	24
38	54	24	22	96
80	39	56	91	86
67	100	52	32	64
89	46	39	97	42
100	99	19	11	57
23	29	77	41	97
27	88	78	10	69
25	76	12	92	48
85	45	93	24	79
25	94	70	20	41
39	84	50	58	53
38	91	70	47	67
42	99	23	79	67
19	34	45	43	47
86	71	60	94	92
79	59	81	62	62
67	61	40	12	32
71	95	27	71	95
22	32	81	23	46
36	96	87	95	94
40	27	18	16	68
89	13	18	23	100
26	41	23	86	21
75	75	94	70	95
95	78	85	21	59
99	84	23	64	58
89	21	28	93	16
47	24	62	88	15
99	40	78	69	99
21	12	39	36	26
30	29	19	81	43
37	34	40	47	100
36	43	31	26	31
57	22	54	52	63
82	84	18	84	63
94	53	12	57	35
87	54	57	42	48
63	49	81	45	75
63	27	11	58	10
23	56	92	29	100
15	22	37	26	79
54	70	80	88	97
41	53	91	86	69
29	65	76	19	90
52	51	69	63	100
18	34	36	35	79
31	25	12	30	13
70	20	15	28	97
50	13	80	70	17
54	61	99	93	54
87	73	45	73	63
78	13	33	91	82
81	64	57	54	43
35	91	77	10	95
36	65	87	26	49
80	56	37	67	31
86	35	45	30	43
51	80	81	83	37
23	15	10	45	23
58	81	89	66	46
56	29	37	98	15
54	38	36	68	85
22	10	75	33	13
89	95	29	73	91
18	51	64	79	28
79	15	76	24	95
61	91	34	49	91
82	79	36	40	71
16	54	42	30	91
93	16	41	71	66
74	99	66	17	57
70	32	45	40	28
92	52	90	10	100
21	99	59	69	20
19	56	80	28	62
11	84	40	54	90
58	19	53	93	65
53	13	38	13	80
40	61	70	42	41
94	13	32	29	47
67	60	30	21	78
23	44	73	27	38
95	71	88	64	89
43	23	35	94	49
25	79	99	21	15
92	33	94	40	14
82	49	30	20	54
81	98	93	15	25
19	86	71	85	49
75	66	71	11	61
11	94	94	67	79
96	43	90	99	13
22	21	22	65	95
95	58	17	94	83
26	89	74	60	40
94	17	63	77	39
99	75	34	17	44
25	43	77	10	100
71	80	64	50	26
94	83	99	91	41
86	26	37	83	51
86	91	82	28	38
18	42	79	28	95
92	65	64	84	89
73	45	30	47	67
12	21	60	84	36
36	35	74	76	49
41	96	53	89	87
29	40	18	24	55
32	79	55	26	40
98	31	39	45	19
51	44	28	32	85
68	25	17	99	63
39	30	18	46	12
16	75	85	79	16
56	11	35	27	36
33	87	28	43	10
19	49	32	68	83
59	26	26	54	13
27	78	33	48	78
42	80	48	23	14
10	79	50	84	53
62	99	85	74	85
81	30	44	70	55
50	46	44	86	37
44	57	74	15	86
39	40	14	43	75
26	72	77	69	77
90	58	82	28	83
88	32	20	92	28
85	39	95	99	42
96	75	93	78	61
84	21	56	24	88
48	84	33	66	43
40	83	26	90	40
17	18	96	35	32
68	61	79	22	57
16	20	94	47	39
76	55	88	49	57
50	62	28	95	42
40	48	61	99	63
98	45	94	38	78
17	39	94	76	51
97	85	32	22	42
74	13	37	88	85
96	88	98	12	27
59	56	78	57	82
12	69	72	26	73
66	94	93	22	72
25	14	100	15	15
10	22	24	14	27
68	67	70	96	83
35	23	78	67	54
83	71	84	82	93
11	79	47	19	49
54	50	17	86	82
26	83	76	41	55
19	20	15	34	98
64	71	100	29	54
30	76	93	67	20
35	52	95	29	74
79	80	27	90	42
43	18	14	10	59
12	10	19	97	37
87	93	45	85	55
67	45	15	73	76
91	20	10	49	51
95	11	25	18	13
43	20	20	81	17
68	17	45	39	49
66	76	70	53	23
60	23	80	88	44
48	51	41	87	100
30	30	23	54	39
57	91	62	52	45
14	72	31	85	74
85	40	19	55	19
22	75	64	58	94
30	49	100	71	23
81	14	86	11	82
93	84	50	69	94
55	90	30	46	50
73	64	99	35	36
50	53	31	13	81
46	39	69	71	34
86	62	50	56	53
25	90	60	40	95
71	90	79	76	55
36	16	12	47	95
29	48	58	61	32
28	12	59	67	55
63	92	65	60	64
12	27	45	32	61
18	25	28	46	34
83	44	59	76	71
82	54	81	11	90
21	44	10	30	93
80	28	22	53	17
65	91	25	76	19
93	65	35	13	61
59	11	86	78	87
70	49	18	93	30
14	39	56	21	46
36	75	94	64	23
34	33	28	43	18
99	19	61	62	95
54	83	71	55	100
91	32	39	66	91
49	42	11	33	90
24	94	99	97	24
66	32	21	26	66
90	43	14	84	18
73	37	83	87	66
33	40	85	91	36
71	80	95	62	78
88	84	19	45	84
99	66	80	43	41
91	69	20	92	40
84	87	80	35	15
30	44	59	70	54
67	84	75	100	39
96	92	41	57	22
39	43	49	65	41
55	87	70	83	81
73	83	34	16	14
99	40	81	79	51
52	71	59	79	40
29	69	88	72	89
37	83	87	79	52
61	84	99	32	40
92	100	53	28	27
30	52	10	18	56
89	15	79	63	95
57	65	88	25	51
43	42	23	22	80
53	17	94	36	74
75	97	62	70	87
12	39	37	92	41
28	69	59	12	55
15	87	25	67	83
88	37	87	63	50
54	77	92	61	33
87	47	96	67	37
67	83	21	92	49
65	23	99	32	46
60	95	14	50	47
13	35	95	33	87
93	38	47	32	35
91	50	88	57	61
85	14	29	43	48
59	80	66	85	80
58	93	98	51	34
93	98	31	40	96
48	57	36	96	63
78	43	51	100	100
94	56	85	41	96
18	34	17	56	37
52	35	13	79	38
37	84	54	79	10
52	88	31	88	69
77	47	33	68	53
58	10	34	89	52
60	60	37	70	83
24	99	16	58	99
41	70	77	90	17
68	41	52	51	22
37	26	84	48	68
70	98	94	32	74
53	38	93	86	37
61	32	52	48	44
86	30	10	22	23
23	62	53	74	37
82	63	69	27	47
12	24	39	94	18
30	81	24	30	10
52	10	93	10	70
40	11	66	76	64
12	70	39	57	61
76	62	14	90	47
67	88	85	20	72
57	41	97	32	30
33	19	66	99	68
20	97	99	27	72
33	99	91	15	13
37	46	46	91	28
76	39	33	73	88
37	79	60	23	18
45	27	15	59	11
35	39	38	35	33
24	84	40	54	73
32	24	57	79	62
50	80	75	92	48
15	73	72	80	72
86	85	56	38	80
100	64	24	88	100
67	10	27	60	97
25	72	10	50	27
41	61	25	76	26
69	68	38	19	75
17	18	73	92	96
91	61	29	80	48
17	87	93	65	34
10	31	99	43	53
94	51	64	13	87
73	81	50	53	91
33	23	32	57	11
31	24	37	37	63
90	50	67	66	43
60	44	76	56	93
47	50	62	86	78
67	36	71	76	89
37	46	95	98	98
59	39	61	74	53
43	24	66	58	56
10	45	36	51	37
57	70	92	36	82
57	11	16	44	91
84	17	27	25	30
29	18	33	15	77
47	27	97	21	96
26	45	93	30	74
84	12	91	66	86
68	79	71	19	84
35	41	68	78	49
43	97	35	53	72
26	25	94	72	34
32	80	10	47	43
44	89	76	91	80
56	26	29	29	23
52	11	83	49	16
89	76	23	53	23
13	29	96	64	21
91	62	74	80	10
93	87	22	15	16
86	16	94	95	24
33	90	82	60	46
38	43	20	44	89
98	41	72	98	29
16	44	41	93	18
36	48	37	31	93
57	17	38	33	78
19	58	58	84	10
34	11	78	62	92
16	95	100	34	13
75	21	74	81	98
76	15	93	85	98
23	92	41	55	61
46	85	81	37	49
41	71	99	79	62
88	91	46	57	60
49	38	54	94	66
65	82	92	99	73
50	70	61	73	33
43	82	21	69	48
59	36	82	87	65
94	85	49	58	53
88	59	70	46	86
90	59	70	69	15
66	99	28	27	70
47	83	15	83	38
26	78	82	65	52
47	34	91	45	16
21	53	88	87	82
47	64	44	72	12
49	65	65	30	57
59	34	14	30	60
97	76	26	45	63
73	79	65	67	27
73	69	50	88	39
46	85	92	52	30
85	32	57	76	78
35	42	14	32	53
94	37	15	28	40
87	37	94	22	95
96	98	47	80	94
44	28	27	27	80
19	38	43	60	29
51	64	28	78	61
59	88	45	10	10
60	21	68	34	16
22	71	47	76	97
75	16	61	13	15
75	17	23	22	12
62	89	60	51	27
37	76	36	69	60
56	12	72	30	86
36	49	75	81	34
44	29	72	17	85
63	86	55	59	52
69	56	83	34	86
91	81	45	21	80
11	20	77	11	99
25	58	17	38	81
30	29	28	59	44
15	71	41	47	21
35	95	90	90	43
27	96	21	41	21
72	70	70	44	74
47	91	18	86	22
78	83	94	57	44
49	31	21	81	94
18	54	16	18	81
62	18	55	64	94
46	93	42	19	62
58	80	35	29	25
26	31	85	82	13
59	29	57	86	100
38	18	60	22	48
52	20	92	81	86
16	18	39	89	49
99	45	99	58	46
28	14	30	50	12
47	49	63	37	100
26	26	25	85	66
92	70	22	19	13
68	93	45	34	55
38	69	14	76	49
76	91	20	41	75
90	67	12	60	60
77	85	78	61	79
60	95	84	70	13
67	40	38	56	95
61	15	62	61	36
82	77	40	74	18
30	34	91	80	38
44	13	41	12	14
91	41	77	82	39
14	31	21	51	63
16	45	45	99	46
81	70	41	38	85
16	29	19	85	34
10	55	67	59	40
66	55	29	59	63
87	79	46	61	29
70	79	43	24	98
28	37	61	73	92
36	76	45	27	42
50	91	71	58	43
46	60	59	39	39
30	59	91	44	90
22	63	70	61	68
27	27	37	59	35
13	75	43	55	14
99	93	44	57	100
41	75	27	62	60
77	23	40	82	82
26	80	54	25	100
95	68	86	94	92
82	48	30	81	80
63	58	41	14	99
84	45	79	82	69
18	67	64	98	38
35	52	41	53	67
35	46	74	34	50
45	24	57	23	50
51	64	36	40	23
60	96	33	76	28
56	38	18	50	92
76	62	65	95	27
26	84	84	79	12
29	96	37	14	63
10	39	48	65	18
85	29	32	83	78
16	28	31	80	53
73	70	29	48	55
49	52	18	62	81
67	51	81	45	67
44	85	51	57	41
53	49	34	69	72
90	72	44	28	50
97	29	53	77	11
25	80	40	90	78
47	34	69	29	87
28	74	81	13	22
67	44	33	34	65
71	63	35	36	52
79	28	23	11	79
58	58	20	25	97
69	11	92	77	19
21	68	68	63	11
19	71	50	23	11
39	47	96	60	67
77	40	85	47	49
63	75	75	96	18
58	23	25	66	22
58	96	38	43	90
91	18	84	30	58
99	96	54	69	34
44	76	49	29	14
64	47	18	21	76
88	34	92	67	70
18	65	92	97	77
48	14	69	91	56
22	68	35	57	56
25	70	56	68	94
72	83	81	48	99
14	85	44	84	95
58	35	13	26	96
73	56	67	82	100
96	19	84	85	14
70	50	83	53	34
26	91	73	38	92
87	62	93	15	85
67	100	62	84	56
32	69	73	62	80
55	66	18	35	32
57	21	88	70	13
10	50	53	90	88
46	57	91	50	26
52	13	16	34	33
27	88	33	30	18
55	63	11	31	44
27	15	89	13	47
88	77	65	36	46
26	19	35	20	11
51	80	24	11	45
45	63	20	60	76
59	93	19	84	31
97	10	27	85	61
46	61	67	26	29
46	49	96	45	51
54	42	70	72	71
11	36	28	40	94
50	64	46	46	47
38	25	49	27	17
15	83	90	91	87
10	42	33	51	78
32	89	12	95	10
23	95	39	27	90
62	71	27	73	38
90	10	61	12	47
40	28	58	20	32
21	73	49	61	20
66	83	24	84	46
75	73	63	56	99
88	58	70	13	81
80	57	52	47	68
54	70	99	80	46
23	53	71	72	88
31	75	23	90	89
36	35	47	35	71
63	63	98	17	75
63	51	95	78	27
76	70	74	59	32
28	16	97	92	60
66	100	59	76	26
60	76	62	53	43
31	62	92	52	71
10	41	63	41	81
58	48	12	74	58
67	27	39	31	87
57	55	67	72	65
80	63	37	42	89
37	36	96	45	95
68	68	13	44	99
31	14	82	100	93
11	48	66	39	57
95	60	33	17	84
61	74	10	71	70
51	36	76	70	61
66	17	46	11	39
43	88	32	100	68
26	38	93	12	77
79	69	36	99	67
64	80	100	99	32
70	22	97	75	89
35	28	90	26	79
70	58	86	55	32
76	76	65	50	63
26	31	95	100	37
95	97	63	50	37
100	19	96	98	99
43	65	66	35	64
17	97	44	22	97
91	26	37	100	25
35	33	38	64	25
42	46	88	51	42
11	47	28	29	35
51	72	38	49	94
24	72	90	95	26
27	76	37	10	65
58	59	43	62	10
80	86	59	86	21
62	79	63	67	18
76	94	68	35	15
81	29	18	28	49
100	66	39	45	66
96	45	44	29	19
13	42	37	96	20
79	15	96	23	35
20	86	17	60	83
95	29	60	36	83
68	85	82	37	49
73	65	10	93	42
98	94	18	30	25
55	23	56	52	39
79	36	19	50	23
63	71	61	64	69
37	70	76	17	31
41	18	69	66	39
53	64	42	99	87
72	13	43	41	88
31	42	64	81	85
79	82	69	21	57
100	44	50	58	37
84	71	47	32	87
99	58	17	45	31
46	34	84	72	11
51	73	69	29	77
56	73	43	31	69
68	16	88	63	86
88	54	86	38	20
24	49	68	93	96
18	13	53	27	66
34	41	68	73	32
15	87	86	55	92
92	58	21	53	43
46	29	60	24	18
76	42	53	44	73
34	72	77	29	17
50	36	40	15	94
57	22	79	87	80
63	78	59	35	39
72	100	13	58	55
40	13	92	35	77
14	56	63	97	50
73	98	44	99	42
39	84	66	30	15
43	36	73	92	28
78	94	96	73	56
50	71	21	16	30
72	16	62	60	86
26	20	58	59	61
83	62	99	77	78
50	31	26	66	30
95	61	68	40	75
76	100	19	93	32
29	43	10	70	78
39	46	65	100	12
27	82	21	85	27
72	39	82	85	22
85	33	76	84	85
52	79	29	97	81
14	51	94	17	88
63	58	76	61	23
76	47	97	73	13
23	25	39	80	53
38	85	92	19	30
69	37	83	54	86
34	33	44	53	60
16	57	88	43	89
28	47	40	72	80
39	100	39	42	45
22	19	35	58	38
52	17	56	83	58
25	59	38	56	67
88	26	90	20	59
25	63	12	98	78
14	57	16	24	42
36	14	64	37	20
61	34	75	46	42
17	23	91	37	18
12	25	41	27	73
95	95	72	32	41
63	76	85	48	100
43	49	88	96	29
57	48	47	18	48
28	91	17	41	95
49	94	53	77	91
72	24	27	93	92
95	59	98	32	56
32	52	28	18	12
95	66	43	44	48
95	99	74	92	12
31	80	60	76	62
18	57	25	59	21
37	37	15	54	33
93	42	97	98	26
12	84	89	85	13
39	54	27	23	15
24	11	48	36	43
75	82	97	33	66
20	75	75	98	47
91	94	21	47	74
81	38	61	54	24
16	18	25	37	39
16	97	18	41	39
41	16	92	85	49
81	70	94	20	96
13	20	33	99	53
43	85	28	38	74
78	35	38	81	93
37	24	81	86	82
95	36	56	47	58
14	30	19	21	90
62	74	26	78	13
40	22	28	94	68
28	73	11	92	65
36	97	56	71	74
39	91	57	76	66
25	56	56	65	36
60	29	26	78	44
25	19	58	47	47
25	95	35	11	59
41	16	38	28	57
24	61	36	26	11
77	99	10	73	61
100	75	24	26	95
99	56	89	51	26
94	23	19	62	49
10	98	99	27	51
72	48	10	28	53
25	31	77	45	15
52	67	74	59	70
15	61	88	41	47
52	43	12	18	43
80	12	70	71	21
63	93	28	56	67
69	53	100	57	71
95	60	83	20	27
89	75	82	79	65
72	98	21	59	51
33	95	59	37	38
75	100	96	22	84
52	35	35	88	78
71	60	17	68	33
27	55	31	73	56
46	71	25	50	67
99	100	93	56	14
94	81	68	74	66
70	48	33	40	48
26	42	36	42	82
68	55	22	12	36
99	67	16	57	58
80	59	20	54	61
94	61	24	41	44
77	59	64	83	98
27	90	32	85	87
79	54	53	38	55
56	53	17	74	39
51	68	16	47	26
95	98	86	44	54
84	95	85	52	57
41	97	98	12	20
12	77	22	36	35
50	64	59	19	74
92	36	76	41	85
49	28	73	64	36
17	16	34	46	84
81	30	45	66	64
100	99	61	95	25
96	79	94	60	22
19	91	90	62	100
81	10	73	66	30
28	36	84	34	54
39	100	65	57	68
74	27	57	48	88
30	42	32	12	77
49	61	20	94	18
94	26	42	94	80
86	76	98	86	96
91	49	91	44	58
10	100	89	48	71
52	43	10	88	32
100	97	83	23	80
41	74	60	36	85
85	83	52	18	34
40	92	28	86	97
72	50	68	97	61
17	41	89	14	64
42	78	92	76	54
61	11	28	97	65
55	10	74	51	85
22	12	22	78	73
66	100	16	79	15
61	50	32	79	67
65	60	25	44	99
100	55	99	77	63
64	99	19	41	55
33	54	77	62	29
14	88	26	71	33
61	38	46	25	38
89	50	17	65	38
95	88	50	69	39
87	35	16	29	42
82	76	90	44	83
86	37	18	20	10
59	11	23	54	73
43	17	36	42	39
27	75	44	88	75
36	26	29	14	32
60	88	54	53	43
91	88	83	14	96
40	48	39	35	13
49	68	22	63	84
69	27	30	49	39
22	50	60	96	24
84	59	69	34	38
78	61	53	80	43
23	43	82	96	27
71	35	11	91	53
66	10	99	25	14
72	45	60	43	14
95	98	98	72	53
89	90	91	45	77
98	48	86	28	54
14	21	84	36	58
26	63	53	79	88
32	24	10	64	99
28	39	28	23	38
83	67	10	29	32
56	78	51	100	83
88	31	37	53	33
72	70	18	34	18
67	94	100	99	50
43	53	15	91	94
71	56	66	37	57
53	14	31	85	36
91	62	18	27	85
15	71	50	75	86
62	39	19	63	13
65	61	27	64	46
11	63	82	54	70
38	100	98	80	16
86	36	79	59	25
23	29	73	74	47
17	49	25	62	95
57	94	86	100	36
20	69	16	61	18
19	29	81	42	89
33	27	97	35	12
44	53	72	30	48
44	22	26	45	19
67	75	61	74	83
88	72	49	16	33
86	19	38	81	36
28	93	71	83	89
97	89	24	59	38
17	17	40	89	42
34	60	91	92	65
44	94	15	52	40
96	22	39	78	79
34	88	25	11	99
14	41	45	62	18
63	49	38	44	77
76	89	52	88	71
55	77	88	29	16
63	97	90	90	61
48	19	86	94	57
56	54	21	81	23
75	44	26	51	52
100	10	40	75	91
76	93	85	91	67
59	100	12	35	18
91	100	40	96	89
40	12	47	43	43
98	19	58	17	73
99	81	48	59	34
22	12	22	82	79
72	12	31	45	13
13	80	48	76	81
59	10	96	79	26
10	36	84	30	63
54	31	62	38	27
83	79	34	17	94
78	67	97	86	38
47	73	49	64	54
81	56	71	50	12
51	97	46	36	21
58	78	15	63	20
62	98	94	85	84
32	93	47	86	89
18	34	36	88	14
55	27	22	75	67
90	22	33	59	97
70	100	12	95	12
100	37	58	35	62
94	59	92	42	51
95	85	76	23	72
54	45	61	79	94
34	10	95	63	84
28	27	87	49	93
44	87	88	76	46
94	96	75	96	23
81	55	57	91	43
23	73	71	29	12
36	51	34	50	89
11	52	57	28	86
49	43	10	37	89
51	57	58	57	97
16	63	96	80	54
25	66	37	68	30
94	61	74	13	75
73	97	44	95	17
16	67	40	85	70
85	92	65	94	28
64	58	24	86	34
25	83	10	28	69
63	25	82	82	76
99	54	10	87	96
33	16	99	68	80
18	70	87	41	21
38	78	40	67	92
78	24	27	64	96
50	12	42	32	47
87	100	23	81	29
23	89	70	92	66
70	89	13	81	26
99	39	13	67	16
66	19	94	99	73
39	19	61	91	54
23	69	19	39	94
53	57	74	16	85
11	13	47	46	52
80	86	80	10	71
46	66	96	13	33
83	56	52	57	64
54	56	68	16	76
58	92	19	65	46
94	46	40	35	21
19	48	19	18	63
96	44	33	37	33
77	32	80	40	89
73	71	41	59	45
88	82	40	56	73
15	23	96	44	55
80	12	13	41	93
66	98	48	61	61
93	47	76	74	72
60	91	20	81	38
77	73	85	88	58
78	75	52	34	13
51	94	70	93	26
19	48	19	90	22
78	26	36	43	46
53	31	76	91	94
100	89	20	82	39
75	11	49	10	74
70	35	70	17	99
53	55	54	48	87
29	57	85	54	27
50	95	58	33	78
73	15	96	77	98
27	69	76	25	84
51	76	85	69	38
29	59	54	88	20
96	15	48	84	43
44	14	35	67	73
43	35	74	46	55
64	42	72	70	47
92	85	66	32	100
99	58	41	86	59
74	91	53	98	59
65	81	91	61	92
75	36	10	54	90
68	89	84	42	96
51	22	50	14	14
88	55	80	34	75
77	58	17	20	89
11	34	49	23	87
88	75	29	37	17
69	83	100	81	57
46	55	32	18	32
94	83	34	68	10
68	100	98	92	49
18	54	90	34	82
87	82	15	24	51
44	11	57	20	22
13	93	16	77	73
65	16	83	72	62
79	80	82	90	29
73	42	65	55	62
70	17	34	54	49
53	87	52	38	68
32	84	75	100	68
45	88	15	43	79
45	50	98	17	98
81	15	33	26	83
18	65	15	60	76
30	76	84	63	85
97	36	17	35	71
74	23	96	53	45
69	74	24	70	94
35	85	87	25	24
84	83	71	96	23
64	96	55	82	77
51	45	87	96	41
98	39	45	70	48
76	82	90	65	58
59	10	46	19	23
73	44	78	14	72
17	78	84	78	27
93	35	51	26	47
44	66	75	11	88
48	21	92	53	71
83	15	92	10	80
76	10	62	75	49
75	40	37	34	48
72	79	63	89	19
32	53	97	91	95
76	78	97	27	69
92	24	12	20	84
24	17	60	13	79
86	79	50	64	95
95	53	18	52	73
33	99	86	38	75
53	11	17	49	98
42	20	86	82	97
76	28	100	20	63
17	60	96	21	36
49	74	20	51	12
89	88	30	97	27
71	23	43	16	73
70	34	81	38	13
86	44	34	39	67
65	92	82	53	18
91	25	34	97	87
55	68	47	15	48
16	25	86	10	40
31	45	88	76	37
37	45	35	43	41
82	87	57	57	50
91	85	50	85	17
19	40	70	54	90
49	24	63	82	46
42	86	45	99	31
24	59	68	27	58
99	66	70	11	87
60	36	67	76	31
49	19	59	11	81
39	34	29	29	24
94	62	92	89	75
56	41	84	40	52
54	55	97	63	21
38	73	24	22	25
93	15	80	22	82
54	48	35	26	98
39	47	67	48	19
67	93	84	29	47
32	84	69	56	66
85	82	36	70	100
74	60	53	78	12
31	68	23	59	68
29	37	98	78	87
85	97	96	30	13
47	18	55	12	91
15	54	83	59	64
30	75	54	52	12
97	95	31	20	35
89	77	50	98	60
32	78	11	67	14
47	96	51	18	77
23	14	34	13	27
92	89	62	20	66
31	46	15	14	74
94	25	88	93	75
45	49	95	30	40
83	97	97	90	23
94	81	22	78	51
35	24	50	20	72
81	10	37	57	23
48	85	39	13	41
18	84	85	87	76
24	82	96	43	20
28	70	30	99	66
97	75	38	82	96
62	95	73	80	65
27	15	38	20	77
57	53	27	28	78
21	81	99	61	100
96	44	75	36	88
13	51	91	83	23
15	89	20	74	80
69	70	82	20	18
14	39	50	39	29
46	51	54	35	19
99	62	83	87	60
23	82	62	50	85
34	40	22	78	64
28	93	82	44	76
71	83	48	25	20
94	79	13	28	75
81	54	80	76	57
84	82	81	89	60
57	99	82	64	53
91	75	88	13	35
54	73	15	83	41
74	24	36	13	77
93	78	15	15	96
29	52	24	30	74
33	69	77	25	93
32	47	58	71	86
76	95	20	43	36
78	80	60	19	14
12	45	32	74	93
61	95	71	54	59
46	11	31	16	45
83	61	53	34	79
52	39	12	25	39
87	69	14	73	67
39	71	20	15	31
54	22	30	100	66
81	32	22	38	10
99	17	32	50	31
77	28	76	14	58
76	52	65	67	77
47	100	52	87	66
55	14	48	21	32
11	98	41	54	62
33	41	46	73	23
65	93	27	53	25
67	56	21	23	95
48	55	19	80	74
53	85	35	71	19
84	67	40	18	36
46	29	15	50	71
70	24	50	19	42
81	97	93	20	16
64	54	27	64	59
45	40	48	74	50
45	24	81	68	31
41	10	30	88	80
33	81	27	16	86
27	15	23	55	52
99	88	22	100	70
59	66	63	43	60
29	81	21	42	25
48	65	56	16	82
34	80	55	78	61
72	40	97	70	62
61	37	52	62	38
91	63	56	68	45
70	39	95	76	64
97	24	33	75	50
49	64	54	32	89
27	25	88	54	47
52	38	69	63	63
41	87	66	86	10
13	43	61	87	70
20	29	22	88	57
82	47	72	97	71
90	89	71	71	65
28	72	82	71	53
49	51	27	69	14
88	50	96	85	37
57	85	13	25	31
34	20	16	97	38
59	18	65	65	27
77	43	56	51	40
22	99	45	97	57
82	70	23	10	51
85	63	74	64	61
14	12	84	54	54
39	43	53	33	38
59	17	52	45	19
98	36	86	51	67
31	90	95	16	16
50	36	83	97	58
73	44	19	14	32
77	68	62	81	58
48	97	50	12	26
96	83	93	23	19
36	69	35	46	15
80	97	78	98	19
47	42	71	52	55
84	74	63	90	79
92	78	73	14	36
99	78	68	79	43
33	88	72	83	84
91	14	68	97	27
100	81	46	33	87
83	30	25	97	99
17	58	98	21	89
78	89	46	39	78
77	93	81	65	31
91	59	33	16	40
52	68	88	93	59
24	54	23	76	25
95	99	21	15	100
87	38	20	71	20
89	92	13	73	28
82	53	68	21	14
72	31	12	64	17
93	60	13	53	49
96	68	90	81	90
12	64	77	94	28
24	16	91	81	19
45	76	70	90	81
46	51	75	11	21
63	84	51	86	66
12	40	42	70	83
19	23	83	85	25
87	63	61	31	52
23	20	17	77	99
84	15	55	72	94
28	92	20	45	11
54	22	96	85	10
40	36	90	69	34
28	78	66	49	29
21	48	38	75	51
86	26	87	95	82
10	21	18	24	75
36	57	15	79	17
11	71	85	44	67
39	37	82	38	53
23	79	53	84	38
26	27	34	59	71
44	52	35	86	75
73	39	92	17	55
84	37	59	55	23
100	99	95	71	71
47	46	90	32	87
46	80	10	64	78
100	56	27	69	56
37	33	55	32	81
53	50	84	63	65
65	13	52	38	64
78	92	27	85	54
31	35	64	98	35
59	96	30	82	44
32	28	16	41	39
15	20	94	64	21
29	98	89	49	92
34	79	100	68	91
10	74	83	79	84
86	16	47	23	72
88	23	42	100	58
42	84	22	95	67
28	95	86	45	57
43	47	89	44	70
55	70	83	19	39
13	85	80	34	39
95	62	17	17	32
52	51	97	76	88
37	55	73	22	73
69	96	64	38	75
79	47	62	19	47
99	80	63	46	43
19	55	54	85	15
88	51	11	71	89
41	81	77	97	22
27	37	37	41	70
88	24	67	83	43
56	54	51	54	53
97	40	14	56	40
53	78	62	89	29
81	62	35	39	75
17	91	90	22	38
56	51	81	66	77
14	37	51	13	33
14	15	70	99	28
65	22	92	90	66
11	34	56	81	17
99	30	39	47	49
79	86	16	40	85
37	17	78	47	14
35	91	19	11	59
79	77	93	87	81
46	84	25	53	69
23	76	68	48	90
12	43	73	13	51
76	63	31	41	50
67	51	37	84	17
52	86	46	27	18
26	69	89	27	61
92	91	54	84	78
57	60	45	37	74
28	42	74	50	60
14	30	87	61	100
78	41	64	81	92
35	100	34	13	73
28	43	37	86	22
16	25	49	41	61
11	26	69	51	28
72	64	30	83	65
27	48	87	13	91
67	63	18	73	95
85	61	72	78	28
44	52	25	84	97
69	31	18	69	10
45	82	68	73	19
60	53	48	65	35
86	97	25	95	83
25	60	32	44	75
56	95	46	82	32
88	88	67	76	96
25	57	31	58	39
92	100	80	15	68
37	97	53	42	65
18	16	95	95	25
38	95	12	37	24
39	12	43	43	35
63	84	44	21	98
72	71	67	61	67
50	69	16	71	49
54	44	16	34	52
21	36	77	85	93
71	35	33	37	73
60	15	22	91	10
87	52	83	56	81
66	26	93	65	84
100	57	55	71	12
85	87	77	60	57
62	67	95	75	69
96	47	87	25	54
93	95	40	99	71
61	61	47	54	33
72	20	90	68	37
82	30	76	45	54
99	90	86	79	75
11	14	20	54	83
79	66	25	94	56
68	27	88	40	97
44	42	40	87	54
65	13	79	64	52
23	34	30	34	48
97	20	30	93	33
40	27	96	87	95
33	78	73	78	28
81	40	66	77	83
97	11	90	73	32
34	40	11	39	66
33	15	71	88	57
33	23	88	72	81
26	57	46	34	76
97	38	96	76	46
14	61	56	55	54
90	15	67	39	11
26	49	97	10	98
52	49	31	77	55
50	23	29	45	71
98	82	84	12	33
27	78	48	43	25
17	68	56	26	75
41	27	75	85	38
53	69	62	20	69
11	66	20	86	36
92	12	68	52	33
18	18	67	17	90
75	38	85	21	93
81	21	37	46	58
77	14	10	15	85
16	88	55	75	54
73	35	80	61	41
74	50	59	22	77
18	56	10	79	91
75	30	16	49	19
84	84	24	93	51
56	47	45	20	82
13	10	24	89	22
16	60	41	90	70
40	51	74	82	49
53	76	92	67	65
10	91	74	13	78
11	10	62	60	51
56	10	78	76	29
21	44	65	13	48
10	84	43	67	22
88	86	29	55	49
33	95	13	52	32
29	81	25	18	65
60	47	23	63	57
18	94	67	63	66
100	41	94	26	41
54	31	25	24	58
52	82	93	66	46
22	14	55	20	80
35	100	54	17	31
33	68	43	30	40
71	100	74	92	61
24	19	29	29	72
13	40	56	94	15
56	78	77	44	66
16	77	63	23	36
24	29	74	25	52
94	55	53	30	59
19	86	26	95	43
28	45	52	80	11
98	12	36	29	20
34	89	90	87	38
97	35	90	36	19
75	72	30	83	73
69	41	29	73	26
30	86	15	26	62
65	95	79	55	40
53	22	40	41	80
86	12	31	86	57
42	83	77	83	29
23	63	28	23	66
56	87	43	33	27
37	65	74	77	99
100	65	10	53	92
38	64	36	21	85
33	95	70	59	65
13	33	23	14	45
93	45	51	54	57
65	16	58	39	55
44	34	70	90	52
62	92	76	60	50
52	73	52	11	73
52	80	45	27	48
83	94	59	76	21
97	22	10	35	67
71	53	54	81	31
98	46	36	100	56
19	20	87	50	39
60	81	38	54	82
31	11	87	69	25
39	87	35	36	41
83	80	34	58	95
77	69	39	73	80
70	59	35	48	87
12	36	99	32	44
86	69	27	83	15
20	99	88	90	80
46	62	42	24	49
66	51	56	63	29
57	63	10	21	50
83	82	40	71	60
67	42	74	86	88
24	11	42	38	67
35	28	25	39	88
79	39	21	78	40
66	93	20	20	73
49	27	30	16	96
74	28	63	24	87
92	31	37	39	29
62	87	52	44	21
67	74	73	34	66
67	57	24	66	95
18	39	60	84	72
25	38	65	58	31
68	77	67	37	47
75	68	63	31	36
27	10	44	77	46
56	79	43	59	55
14	36	87	80	81
29	64	45	13	56
39	46	19	18	56
41	79	34	70	99
55	26	38	50	21
14	66	42	98	26
32	36	36	60	13
51	77	51	23	35
22	74	25	68	43
43	42	10	90	62
67	18	47	32	67
88	24	60	24	14
36	92	83	92	78
62	50	63	63	73
91	41	32	55	70
71	74	54	21	46
90	21	77	89	30
80	19	44	34	21
93	58	93	25	50
80	90	21	23	37
40	82	38	25	36
99	42	83	56	87
51	68	23	57	78
81	81	17	43	91
51	22	64	16	56
81	42	38	49	100
89	34	44	50	12
93	38	74	31	73
70	33	18	67	82
64	67	46	94	58
51	23	90	83	87
91	71	29	10	94
68	77	27	33	30
82	68	12	35	20
54	10	67	97	58
29	96	95	64	29
42	39	78	88	34
58	93	79	51	31
43	74	18	45	82
45	63	80	27	54
18	59	25	59	69
39	50	61	24	56
21	15	78	84	26
68	14	19	18	61
30	81	19	30	10
73	38	65	85	20
14	19	60	83	50
90	81	86	38	21
66	74	67	65	25
44	73	19	88	12
12	28	44	61	72
26	66	61	80	97
10	82	49	95	24
13	47	97	80	31
22	33	95	64	98
69	23	86	90	49
49	52	57	40	63
26	40	74	39	73
94	37	59	35	43
10	18	71	74	56
84	64	37	33	33
25	88	64	96	37
38	28	32	17	31
91	13	26	28	34
37	36	73	40	20
73	31	90	74	29
66	46	40	61	42
33	59	37	80	99
44	20	47	19	44
37	26	70	15	30
32	81	39	13	41
24	92	23	92	73
39	45	10	96	29
81	38	36	36	10
77	58	27	64	41
90	18	73	58	15
12	77	32	15	42
98	75	24	47	18
21	88	45	87	64
26	37	56	16	11
28	83	92	44	36
74	47	43	74	98
53	30	60	29	99
96	23	11	98	21
80	55	63	40	57
58	81	59	17	82
79	29	20	80	42
37	44	96	82	25
75	13	28	16	50
19	76	43	23	80
74	26	79	33	18
34	42	14	82	40
87	28	42	16	31
51	57	73	98	82
58	97	74	39	65
99	68	63	88	84
65	75	13	19	22
89	69	21	68	27
23	25	61	27	19
24	79	39	71	55
83	77	54	87	50
26	68	11	12	62
43	36	72	11	70
35	95	29	98	64
92	71	100	55	95
38	38	96	60	51
35	35	63	74	54
93	12	83	44	60
80	72	61	34	14
34	22	10	20	55
61	83	23	59	78
52	97	16	66	75
81	97	46	18	32
54	25	94	29	34
20	95	58	99	85
95	19	81	19	12
73	87	17	19	11
66	62	49	30	86
61	54	91	81	87
82	39	65	80	46
80	21	45	83	77
10	18	68	59	32
70	43	63	12	95
24	98	35	73	52
87	49	20	77	16
64	83	38	30	14
51	24	27	22	38
79	95	75	98	18
34	82	48	28	58
95	69	93	100	59
23	38	31	78	71
70	15	52	76	14
99	42	59	19	82
30	12	70	25	44
94	24	36	52	99
23	79	11	36	17
56	31	22	68	65
94	71	81	40	16
91	89	62	66	82
99	20	19	100	24
68	13	30	54	60
50	34	67	62	13
76	100	42	52	86
65	96	93	96	70
77	22	68	64	51
64	14	50	58	43
72	39	62	68	91
17	69	26	94	21
82	10	86	61	60
10	64	12	24	47
90	19	82	89	52
23	98	46	96	10
17	41	47	84	45
84	23	20	83	64
78	47	49	45	91
22	29	29	43	56
55	73	99	63	42
51	73	81	81	24
13	90	44	78	56
10	18	19	98	32
47	46	40	26	50
76	65	58	20	29
28	39	51	79	34
17	61	96	19	38
21	28	55	29	17
75	61	53	81	32
76	35	33	73	22
20	32	65	54	67
30	64	15	60	92
36	10	32	86	68
35	64	11	34	40
57	57	36	35	62
76	89	74	50	38
10	63	90	47	15
41	82	13	97	72
45	75	18	70	83
72	92	35	28	50
77	90	63	67	18
95	16	42	85	58
37	98	98	30	96
33	94	50	71	25
62	82	76	26	50
72	11	48	16	62
64	82	50	40	71
78	94	14	87	36
65	33	44	58	47
18	82	28	86	51
66	33	22	12	24
47	10	93	57	77
10	99	22	15	13
24	20	39	21	100
70	89	43	11	95
85	75	40	27	96
21	75	71	13	73
77	64	29	49	39
12	51	12	55	75
84	18	30	98	17
35	55	83	83	81
99	97	28	23	67
56	80	83	12	54
39	74	71	60	96
96	79	88	71	14
92	51	21	20	28
88	74	73	16	28
67	49	38	50	68
59	46	46	87	60
31	37	91	55	83
80	22	35	93	30
71	84	80	10	27
12	15	69	50	31
100	38	79	14	75
26	42	52	44	83
100	46	11	55	32
60	33	41	22	73
15	31	98	16	65
40	73	56	85	77
82	55	100	84	30
82	69	68	46	42
18	95	44	44	63
49	43	83	87	22
91	69	56	65	57
42	53	61	75	10
11	22	63	54	34
88	13	81	43	20
63	52	44	75	46
54	65	74	67	63
14	63	74	62	33
73	60	47	65	34
36	92	50	82	60
19	78	48	47	72
52	28	94	40	73
94	38	39	57	42
42	58	14	15	98
65	69	94	79	82
32	19	64	67	83
60	36	22	96	60
27	48	60	94	98
64	67	41	42	14
16	13	89	89	20
36	86	43	18	68
38	37	77	92	30
59	77	90	53	77
30	21	89	98	29
62	29	39	20	66
23	69	68	36	46
60	88	75	69	56
57	78	91	66	12
30	50	61	26	98
76	96	19	61	84
15	41	67	42	46
73	17	53	35	44
31	65	97	57	85
73	52	90	52	38
63	37	42	97	48
96	20	11	48	62
25	43	27	18	85
29	40	72	22	63
60	46	16	60	99
65	30	26	30	46
87	46	90	22	45
41	37	63	65	98
37	24	76	70	40
55	71	53	12	76
61	58	54	83	46
100	16	62	55	49
72	27	81	85	29
32	73	38	34	49
33	98	91	38	21
72	19	25	60	15
43	89	13	11	77
18	40	26	90	60
25	48	73	36	67
67	28	68	66	53
37	64	47	95	75
26	86	37	88	51
22	28	91	25	73
22	80	64	17	15
32	78	68	60	78
75	100	43	41	16
100	56	26	14	88
62	50	86	39	56
16	98	31	50	27
16	47	13	28	60
30	35	34	52	90
50	58	11	18	91
92	66	41	41	74
38	68	96	89	56
12	89	50	83	40
61	21	77	61	14
12	17	29	37	63
79	39	81	92	72
27	72	87	72	65
43	10	41	58	61
20	29	55	40	88
23	44	54	20	54
100	26	28	99	79
80	29	93	75	15
60	77	32	19	99
97	76	88	75	36
54	58	83	12	95
42	58	44	24	86
21	17	79	65	86
94	86	14	54	25
15	75	67	100	71
77	11	74	55	45
78	44	35	26	99
70	84	81	80	39
22	23	20	72	21
56	10	79	11	75
85	84	88	83	99
72	86	79	38	96
12	30	30	18	39
34	76	98	46	50
15	73	77	37	33
63	65	31	59	76
45	79	66	72	39
66	85	33	68	43
66	27	70	39	80
30	29	49	69	74
85	83	19	16	39
21	72	32	41	34
69	11	23	17	85
28	94	41	79	20
22	50	62	45	83
55	39	39	95	15
13	12	51	33	16
68	33	12	39	43
35	41	67	39	66
43	62	13	40	94
26	87	20	21	96
36	52	74	20	29
58	18	21	92	53
59	71	55	95	21
29	15	75	35	60
83	31	39	83	44
66	16	13	77	70
25	46	20	44	92
43	30	47	17	31
49	56	59	34	99
10	17	30	80	42
88	50	87	68	22
87	26	30	72	91
49	52	57	16	70
31	47	84	44	37
64	81	60	59	81
65	80	32	45	21
84	38	26	36	41
86	35	21	10	100
88	73	28	69	31
35	33	33	88	43
52	21	48	49	66
38	33	62	100	14
69	51	72	32	11
50	93	71	25	68
21	34	20	98	25
62	16	72	89	47
35	20	52	61	50
26	58	42	24	24
43	13	71	63	79
77	70	50	52	11
23	53	12	54	27
73	46	86	91	69
48	26	34	94	97
21	21	88	80	40
10	56	61	20	48
68	57	98	20	86
51	96	71	30	66
38	32	27	82	12
33	76	71	27	18
46	54	60	97	60
12	29	98	94	92
50	34	79	68	63
67	62	88	68	22
21	55	57	80	70
47	60	46	28	57
17	98	82	42	58
31	29	11	92	77
48	19	48	33	16
23	71	60	54	91
13	65	11	24	73
49	20	77	17	17
57	27	40	53	13
30	64	10	51	55
18	87	12	96	51
52	99	34	47	68
28	37	41	36	15
53	19	58	65	28
39	74	47	75	52
27	49	67	43	64
46	38	15	69	13
55	76	45	72	16
14	49	47	59	47
37	49	33	35	68
59	34	56	46	47
58	78	26	12	62
94	26	34	23	15
76	20	38	74	41
24	55	47	93	51
62	28	62	26	80
62	36	67	22	89
37	68	64	29	57
77	99	43	40	11
41	11	73	83	55
16	77	51	49	30
40	74	16	83	40
98	13	13	21	10
87	39	98	27	30
81	41	16	64	59
94	45	99	50	13
46	82	45	31	77
40	56	35	45	54
77	21	73	58	18
90	14	64	91	66
11	50	78	26	62
12	15	14	72	95
60	54	36	82	60
54	100	25	19	97
66	78	11	50	86
28	25	67	73	89
42	79	56	67	62
33	43	36	73	22
98	76	86	17	62
34	32	58	61	64
80	93	43	58	35
18	66	75	68	31
90	84	92	25	89
56	33	56	52	52
32	38	12	76	91
73	66	65	51	63
28	27	93	50	35
48	45	72	51	41
70	70	19	93	71
52	44	56	88	77
39	95	33	51	34
11	95	95	57	97
50	93	25	72	18
38	37	12	37	47
79	40	24	72	50
87	89	10	96	38
76	64	43	17	19
26	68	63	48	14
52	34	75	26	55
55	33	25	77	83
18	76	84	76	93
94	72	85	79	43
84	72	45	85	42
10	76	92	93	79
23	37	52	97	29
14	12	69	79	51
51	77	62	61	22
40	31	28	20	27
50	79	96	82	22
66	77	37	57	53
38	91	26	74	72
98	84	82	43	31
96	28	61	15	40
48	83	58	41	44
11	19	92	88	32
96	76	40	47	93
41	85	57	26	51
22	61	97	99	25
33	62	23	76	11
79	60	16	52	12
53	45	97	63	12
19	84	61	86	69
54	91	45	32	38
89	60	80	71	93
27	16	68	32	78
26	54	48	69	29
31	60	45	92	68
97	13	43	62	98
10	59	33	62	18
77	39	55	43	42
49	82	55	83	69
27	38	36	95	24
63	91	90	13	38
87	28	35	89	22
39	25	29	69	56
20	22	22	83	33
36	21	53	64	62
39	62	43	55	37
73	67	50	81	63
73	53	11	91	32
18	77	100	22	86
64	32	58	99	89
74	71	59	77	69
77	65	30	52	30
55	48	96	16	48
52	85	38	86	31
18	71	19	59	15
91	60	23	98	68
99	72	61	69	87
62	50	70	61	80
86	60	29	58	45
46	66	24	35	43
25	16	90	51	94
55	17	42	19	58
41	64	78	77	11
70	56	65	79	41
54	20	62	49	37
73	97	40	41	73
92	88	83	48	54
53	72	55	63	93
22	98	27	29	17
70	80	80	55	98
88	54	38	57	66
95	98	43	87	44
47	47	52	28	33
72	48	74	88	85
98	99	76	34	72
72	34	50	57	57
77	34	58	72	88
45	47	12	45	26
89	97	72	64	83
27	93	18	41	67
12	45	28	63	32
42	20	91	77	98
39	74	64	77	87
100	93	73	88	89
70	16	78	53	41
97	44	52	17	33
87	13	84	49	73
58	89	36	65	80
39	40	22	16	21
50	42	26	82	60
66	77	60	37	10
84	78	27	68	36
42	100	47	56	76
40	41	51	51	41
44	94	52	69	100
53	37	66	98	25
82	97	69	12	36
40	61	27	14	58
99	89	19	48	24
72	28	66	54	68
48	82	73	56	76
59	17	94	48	100
95	75	99	95	54
12	74	18	63	86
34	30	11	88	11
18	42	10	49	54
67	19	60	80	36
59	43	94	71	15
41	14	11	92	62
14	12	26	26	24
91	80	26	60	75
17	11	78	90	69
19	89	52	63	48
79	29	79	61	71
82	46	88	53	24
57	97	58	59	81
100	95	39	42	79
76	73	54	20	24
62	87	27	30	72
50	99	34	43	32
65	73	45	36	14
45	80	18	28	60
12	52	84	96	28
33	86	47	94	82
84	11	57	24	37
54	30	11	24	27
88	56	64	60	71
65	30	81	59	62
71	53	59	47	98
93	14	69	99	15
42	87	44	45	37
81	92	92	92	70
36	61	37	84	52
61	92	47	68	100
99	67	28	82	55
70	13	84	59	26
25	58	69	14	54
18	43	83	88	58
15	90	23	69	73
19	27	38	18	64
96	45	57	45	26
91	88	29	73	34
47	29	18	34	33
79	23	64	65	80
61	14	73	51	78
83	15	22	17	43
80	94	10	58	95
41	13	58	39	24
27	93	66	17	63
73	99	46	24	77
49	31	65	79	27
14	89	57	64	35
73	30	48	95	91
87	62	56	52	90
42	85	22	13	50
22	26	10	12	46
22	14	88	35	11
80	75	35	59	48
48	30	13	26	93
91	31	33	26	74
44	31	13	97	93
73	78	50	79	81
96	65	93	11	45
13	67	55	45	38
60	34	74	28	63
43	99	32	64	38
93	54	53	54	54
61	84	68	39	100
66	95	13	11	94
71	99	56	33	37
71	94	95	96	52
77	45	54	28	49
57	57	88	72	73
54	32	22	37	48
61	45	17	17	85
97	78	54	75	55
15	67	15	80	44
39	28	70	96	69
93	43	62	34	54
13	75	68	79	31
36	31	83	99	48
77	88	96	87	89
10	98	46	35	51
58	93	22	22	10
36	24	20	89	59
59	57	36	22	86
57	70	82	78	75
31	97	47	87	38
24	13	16	83	31
32	85	78	55	79
96	60	41	17	51
79	51	59	16	90
41	84	31	15	65
15	19	23	64	62
16	100	62	51	70
93	96	46	83	90
52	85	82	73	83
18	78	22	100	74
67	79	12	26	96
72	83	24	16	57
21	56	65	83	30
93	79	52	60	75
71	39	62	49	21
62	90	53	11	50
88	85	60	37	38
81	31	93	65	41
11	78	80	17	22
99	71	53	19	73
14	95	48	14	44
87	11	98	24	82
97	52	10	13	65
95	50	78	36	82
69	10	74	81	54
33	39	18	70	59
49	67	64	17	99
82	73	94	70	63
51	98	80	41	55
20	46	58	90	10
12	32	51	36	37
52	17	34	13	22
88	62	19	20	72
97	100	71	58	82
53	26	39	46	44
88	84	65	80	42
56	20	54	18	98
83	88	20	12	73
86	23	11	99	68
10	32	26	99	56
53	46	44	88	61
56	12	73	10	70
53	75	79	86	57
87	54	26	94	22
10	52	12	48	43
63	78	89	35	19
43	15	32	96	18
13	68	72	77	74
36	71	11	59	20
17	70	99	48	62
88	75	91	28	39
23	74	50	52	58
78	98	39	39	78
20	33	91	15	92
87	48	73	11	66
83	42	13	21	63
36	51	49	48	97
39	22	45	74	45
72	45	73	76	97
95	95	67	19	41
46	73	36	26	15
87	89	73	99	26
17	48	40	67	64
87	10	37	77	67
26	81	12	85	100
28	47	28	85	81
56	52	36	51	56
43	34	47	32	34
11	46	77	90	53
39	86	32	55	52
70	37	12	34	85
33	40	80	10	99
17	16	37	24	77
87	66	38	56	92
31	32	79	10	64
28	39	65	63	38
31	95	39	99	45
22	27	84	32	76
42	42	98	29	50
33	15	37	72	50
60	96	29	25	36
50	78	44	10	88
78	92	27	18	77
96	70	97	88	77
36	13	25	15	19
16	57	39	84	77
63	62	86	43	30
58	30	26	32	54
51	17	40	17	25
35	59	35	62	16
33	15	55	13	41
77	66	26	39	94
70	10	59	67	34
57	23	68	15	16
36	84	18	67	80
84	12	98	84	10
74	15	65	23	37
61	93	49	22	23
61	12	34	23	54
90	68	48	18	21
63	46	86	41	74
80	13	44	44	68
85	24	81	37	31
27	28	73	41	57
54	82	90	26	100
12	11	85	77	93
31	71	86	32	38
69	73	83	11	17
89	59	36	37	94
99	100	24	78	22
27	87	52	71	83
59	40	79	56	47
88	29	83	54	28
99	72	18	68	100
69	60	77	22	67
76	86	46	26	86
27	34	63	90	94
62	11	83	77	90
46	36	12	84	87
98	30	43	19	50
40	75	65	20	74
45	27	71	71	40
13	73	11	91	87
13	28	55	82	23
55	10	25	63	56
20	12	82	86	88
17	17	64	29	19
87	30	22	60	19
33	96	86	95	20
49	31	17	30	88
74	87	18	96	83
96	81	94	94	67
36	62	15	46	21
49	90	18	85	46
59	50	77	34	12
64	91	15	96	57
28	56	99	49	21
62	61	12	16	54
72	38	89	69	21
63	47	10	20	70
65	13	48	44	41
64	72	96	82	12
90	23	18	87	32
24	74	53	74	13
41	69	20	11	80
49	100	46	56	87
56	41	77	31	95
41	81	54	26	72
49	52	39	38	49
54	45	63	24	83
56	73	44	41	48
87	35	78	59	19
20	47	22	89	56
13	62	28	72	96
78	84	93	73	80
95	82	78	83	27
67	60	92	71	14
34	63	31	45	87
72	77	11	59	53
76	34	47	14	13
71	99	67	26	55
17	82	71	77	24
65	64	29	91	44
87	92	66	72	44
91	35	11	93	54
17	59	98	97	38
21	34	89	77	47
11	97	19	27	14
22	92	35	94	74
85	35	98	42	95
92	97	38	53	78
31	40	60	35	33
46	90	39	19	80
13	21	12	25	80
68	96	93	38	72
88	47	47	56	28
51	17	99	56	26
13	26	19	68	90
16	47	78	86	50
54	95	68	83	70
31	17	77	54	92
28	78	16	56	22
91	52	76	52	92
44	29	24	27	13
41	95	68	51	96
88	94	11	34	38
34	26	51	46	86
81	72	95	72	90
34	78	46	51	43
78	63	45	40	83
83	68	86	93	45
51	59	29	87	97
46	37	93	55	95
66	11	82	63	88
33	83	70	63	12
97	48	32	57	86
30	42	75	21	42
79	32	60	88	10
81	28	94	67	30
50	80	26	32	73
62	29	62	80	53
85	49	85	46	89
16	56	30	61	80
93	12	20	43	42
21	25	49	10	49
69	80	57	78	47
30	56	84	59	83
94	45	52	45	47
36	99	63	87	70
12	22	49	89	12
34	33	45	81	28
27	53	29	34	63
12	72	51	19	29
63	95	16	81	26
19	95	82	34	97
22	40	52	70	68
15	70	88	47	24
73	16	82	86	75
95	79	37	86	18
86	21	13	54	58
78	64	11	55	24
34	95	75	10	15
79	15	15	77	16
44	80	71	86	12
44	22	75	50	53
60	88	19	96	36
87	12	28	74	30
87	44	42	32	23
79	79	95	41	84
66	95	19	87	18
93	58	39	40	54
65	47	85	23	19
29	79	29	71	65
94	96	89	32	14
93	42	84	73	22
92	74	11	74	87
86	19	21	58	90
43	60	70	73	60
66	61	77	21	65
49	62	14	62	74
98	20	79	69	44
78	53	38	78	10
42	48	55	76	56
27	23	48	14	22
100	65	35	36	75
57	90	42	12	55
71	77	19	12	84
32	48	63	47	35
67	80	100	46	97
27	24	47	28	91
67	73	67	13	42
89	97	95	21	12
73	49	76	63	98
27	74	15	87	15
57	17	82	37	56
90	60	73	40	13
64	86	24	49	62
29	87	49	66	43
75	42	22	89	23
63	94	19	97	36
36	62	36	57	86
30	47	79	80	59
42	28	71	43	47
75	19	94	28	45
36	33	93	29	66
88	61	72	58	48
84	69	30	52	28
67	99	27	53	30
60	17	29	86	23
85	69	63	59	49
72	21	97	46	90
14	55	81	44	49
78	56	70	35	54
62	34	75	16	82
58	93	90	74	26
81	31	80	22	53
66	27	10	80	41
53	24	41	11	57
41	94	27	47	44
57	67	66	38	96
42	71	14	72	65
54	91	60	64	79
58	94	21	70	64
49	99	13	25	62
32	66	60	86	76
63	72	49	54	48
88	49	88	64	48
48	57	13	81	87
79	11	83	93	82
65	55	16	21	63
86	24	53	91	68
48	19	77	83	71
89	16	93	52	51
61	53	12	70	93
29	67	11	97	87
52	53	61	54	67
86	90	99	28	29
57	31	70	37	25
18	59	58	71	95
77	36	85	26	56
88	21	29	69	38
50	28	11	96	47
85	38	66	89	56
31	50	22	59	78
23	45	32	57	77
78	52	78	15	43
87	43	71	53	70
12	74	43	71	16
18	96	39	10	60
44	50	29	53	86
25	17	14	25	40
56	99	39	16	38
87	28	51	88	58
55	56	49	70	14
32	96	95	23	52
51	85	11	62	99
60	49	76	32	48
23	23	27	84	62
19	92	49	91	84
72	48	95	84	14
31	14	78	80	28
63	51	68	15	69
10	17	85	91	38
97	93	84	54	44
81	68	21	17	78
29	42	83	16	29
72	53	60	37	64
89	55	23	64	83
29	68	54	72	12
54	75	42	55	26
10	31	41	99	31
78	10	38	77	67
37	49	46	56	68
14	22	84	45	46
48	63	50	68	41
92	87	56	99	67
30	57	12	37	10
99	66	72	69	91
92	50	24	92	80
80	99	52	70	51
72	15	75	10	13
20	83	90	89	46
83	64	47	41	37
33	78	94	10	54
41	57	93	69	72
99	54	72	39	17
86	89	92	27	89
93	65	59	26	25
99	37	100	97	60
53	55	53	52	57
99	88	82	42	82
35	92	61	55	64
24	20	25	53	25
18	71	67	13	57
43	99	57	18	76
47	14	28	10	69
68	92	92	42	59
63	93	82	51	36
69	13	65	56	19
75	73	38	42	99
75	20	18	65	93
83	83	54	40	17
69	96	43	75	89
19	72	15	81	65
28	99	13	68	51
96	38	82	89	58
52	11	53	66	73
69	38	52	72	23
95	49	37	29	31
42	38	13	57	34
71	17	41	38	63
24	58	61	92	59
22	65	40	77	50
33	99	55	81	49
17	63	33	29	82
60	73	94	96	44
20	58	87	13	36
39	13	16	76	64
53	99	30	84	96
95	99	30	60	10
76	62	13	90	87
49	72	11	43	96
83	33	73	15	64
71	15	89	29	40
21	39	67	91	40
71	48	49	15	71
25	51	72	87	53
72	85	13	86	57
49	26	75	48	62
91	36	58	41	20
89	16	34	79	50
12	37	97	92	42
92	59	22	85	28
74	99	79	30	11
88	60	29	58	93
33	48	32	32	15
99	20	99	83	57
100	97	64	92	38
19	24	47	66	58
29	62	92	46	98
59	80	26	11	54
61	52	62	42	50
45	75	60	25	84
38	90	32	14	37
27	49	57	99	43
43	54	11	65	11
39	39	89	60	48
33	23	92	16	40
41	51	95	24	68
99	47	53	74	77
11	97	27	95	81
97	89	87	85	17
46	11	65	48	62
16	12	35	98	74
33	48	57	26	74
14	50	93	96	58
60	43	84	69	79
73	44	27	55	20
50	56	33	99	26
95	57	100	90	78
18	50	26	43	61
44	83	10	30	33
75	21	67	45	75
56	31	62	38	36
24	28	31	17	27
70	18	94	40	99
22	43	45	33	23
59	26	26	12	99
21	61	93	98	47
77	49	39	14	37
69	22	78	71	75
82	57	100	16	77
90	75	29	79	76
81	42	43	37	29
70	87	83	69	65
31	37	25	72	66
27	93	98	97	31
88	60	95	49	94
61	38	38	15	40
96	55	91	46	34
30	53	85	27	59
95	94	26	46	95
38	59	74	24	27
63	88	76	12	69
37	64	86	29	31
70	26	44	26	60
56	100	11	34	76
43	91	43	45	54
98	94	53	47	100
17	14	70	92	96
67	82	77	44	73
65	68	10	69	38
55	60	88	16	13
65	40	91	77	18
57	100	66	95	52
22	70	75	57	17
56	36	56	65	44
18	70	24	87	62
16	73	62	80	50
67	76	83	15	61
88	99	96	58	72
79	60	67	97	66
80	67	77	68	96
60	73	59	88	32
14	91	95	12	28
28	12	51	81	95
66	80	83	75	41
35	35	99	33	76
99	49	32	10	44
12	11	26	28	23
92	31	36	41	56
23	97	98	64	98
67	100	21	78	53
48	75	79	76	82
64	52	20	96	17
28	23	63	56	73
16	39	60	59	65
32	24	51	22	34
44	100	57	20	61
44	81	46	36	87
51	90	24	49	75
57	38	88	96	16
56	34	63	33	85
63	62	26	75	89
80	43	15	38	99
37	22	34	99	18
83	94	95	55	58
42	10	74	60	34
53	96	58	28	87
29	44	77	47	85
86	30	40	86	15
99	92	72	38	58
90	93	67	47	100
40	86	78	74	18
70	37	83	76	65
60	11	44	98	41
68	52	65	55	30
94	60	19	38	98
17	34	18	68	41
23	65	33	65	63
51	56	60	10	27
69	75	50	87	47
24	85	68	51	90
55	17	98	51	13
77	59	18	54	18
88	64	29	19	41
48	74	96	29	89
41	84	40	90	60
71	48	81	43	83
36	50	78	41	58
62	57	69	60	97
46	34	77	49	84
30	76	35	73	12
81	72	42	41	96
43	25	60	10	32
88	53	63	15	94
80	49	96	24	24
23	41	65	26	85
78	69	64	47	44
46	61	79	21	49
24	86	90	99	85
55	49	21	44	20
92	21	10	15	96
12	80	65	97	55
60	70	35	93	20
22	74	33	56	100
85	64	16	94	93
48	16	82	97	59
65	26	64	10	21
88	94	95	31	73
79	65	58	38	41
95	10	37	39	14
74	79	10	52	69
96	57	12	20	67
97	32	49	23	64
97	35	16	76	62
90	37	35	30	91
66	53	59	37	28
67	39	42	86	95
48	81	37	32	76
92	42	23	85	57
45	33	28	47	23
86	67	45	19	21
69	15	19	29	73
42	40	68	16	10
68	72	95	98	25
10	83	64	25	12
54	89	71	16	74
32	12	93	17	86
88	21	52	29	49
51	49	89	92	86
57	62	31	76	92
85	16	63	71	44
82	48	66	89	48
61	41	71	19	81
65	32	24	68	24
14	35	96	11	34
60	30	67	63	72
97	61	54	69	88
51	67	35	83	57
10	16	100	88	21
58	22	72	64	52
100	29	59	86	93
57	97	70	85	100
40	42	67	69	55
17	24	76	54	14
15	63	26	15	13
89	82	15	90	11
99	24	82	12	17
30	68	50	37	98
42	99	19	65	82
24	84	63	100	77
53	66	83	73	88
24	90	63	41	97
98	22	67	84	31
68	85	31	40	34
51	29	59	44	26
55	99	30	79	48
62	94	85	77	45
31	28	34	12	23
43	50	64	37	93
49	89	44	73	52
73	38	46	68	98
25	54	73	14	10
10	66	26	74	88
31	100	36	64	89
63	80	18	29	21
41	34	92	50	37
15	51	41	29	67
49	78	33	66	65
76	66	14	25	65
99	15	55	64	14
26	83	77	50	62
58	23	96	45	93
21	37	15	93	32
44	99	66	18	94
20	78	19	28	13
89	97	25	89	75
56	45	79	37	84
42	20	10	58	71
33	63	45	37	48
54	11	15	16	58
44	68	98	56	89
31	39	70	76	25
97	88	93	58	77
53	29	30	43	10
43	30	76	28	35
53	93	58	95	34
18	87	46	91	37
27	97	56	57	23
70	92	17	25	11
48	93	75	100	54
17	43	96	98	96
18	76	17	37	97
97	43	34	71	48
18	11	95	91	50
48	21	38	34	98
79	79	32	12	91
23	29	87	11	97
11	27	44	32	68
13	74	47	15	28
93	80	40	15	54
57	48	13	64	16
39	73	16	50	45
46	100	88	89	58
34	58	38	50	75
52	33	44	44	65
88	26	91	84	78
41	17	88	60	82
36	67	35	10	31
20	52	72	35	78
64	100	10	75	34
60	23	22	42	53
28	70	68	31	86
88	19	46	93	66
38	11	91	68	98
38	91	22	52	42
15	51	54	71	71
25	62	11	24	97
33	95	39	96	10
29	44	26	10	45
50	43	86	51	13
35	72	16	51	14
40	50	51	23	93
77	88	65	83	66
28	39	99	19	20
27	56	36	41	58
93	77	73	64	73
60	14	84	64	60
29	87	16	41	71
88	67	88	32	23
83	49	37	90	65
49	76	82	64	79
13	14	79	39	87
64	77	23	60	70
60	12	62	67	54
80	32	70	50	36
62	13	36	19	61
15	36	45	71	24
36	77	90	32	12
26	87	36	51	35
24	37	38	64	85
81	86	45	50	61
33	91	62	59	87
71	70	19	45	66
47	36	89	47	96
59	93	82	45	35
58	28	91	43	55
24	97	14	49	37
23	65	17	18	82
79	44	42	63	63
44	67	20	62	77
41	59	79	75	39
95	64	79	21	70
32	24	94	59	96
84	81	24	36	20
61	59	54	48	90
40	37	18	100	22
11	19	43	93	26
16	49	76	85	19
29	17	12	87	63
87	26	73	44	10
99	80	19	62	42
83	19	37	78	45
92	80	82	28	55
97	79	82	62	33
45	61	34	57	68
100	71	58	42	83
37	89	17	10	60
23	44	66	26	21
45	14	37	25	30
13	63	20	13	17
83	44	86	87	12
48	100	78	45	54
32	40	87	75	72
11	72	62	43	31
93	90	98	65	24
100	85	33	71	55
73	28	66	39	32
14	82	24	65	57
40	61	95	16	68
31	45	14	64	19
88	18	31	100	74
57	91	46	27	35
83	79	51	34	73
49	84	29	45	64
38	64	59	65	41
46	64	92	70	71
17	10	71	33	16
57	50	18	83	47
50	92	25	10	27
100	63	75	55	36
17	63	63	45	68
54	53	87	10	92
83	46	32	26	25
99	41	65	65	93
70	24	44	14	46
78	29	15	81	51
60	71	16	98	46
75	46	59	94	29
66	53	70	89	75
39	97	65	63	62
40	49	56	36	57
29	59	31	52	26
25	84	100	49	18
91	24	99	48	65
72	90	69	26	58
20	46	25	97	18
29	68	29	70	99
75	56	25	82	98
36	57	60	100	97
61	24	57	27	83
36	49	59	92	64
35	31	11	77	56
28	16	12	96	83
53	20	48	45	49
35	87	84	16	33
50	72	51	67	24
36	39	74	42	86
24	23	79	37	14
27	94	26	41	71
52	48	28	76	74
38	99	21	34	88
90	78	52	99	67
14	45	74	49	37
24	61	43	76	76
25	31	83	94	65
62	49	60	40	95
54	27	83	68	60
28	45	16	23	19
84	41	68	77	22
40	68	72	60	31
93	93	54	84	77
45	92	21	22	58
76	75	71	90	100
62	34	26	81	17
23	27	49	70	81
77	98	16	85	25
12	98	66	96	85
17	63	70	15	88
47	34	72	26	36
17	45	100	84	67
38	22	61	49	96
79	52	18	65	90
70	69	38	25	77
37	57	89	62	22
66	45	96	52	82
45	27	27	82	42
82	79	21	25	57
54	19	45	39	18
76	37	27	20	99
92	77	29	68	67
71	21	21	22	28
51	42	63	21	41
32	90	86	31	42
72	35	53	63	17
81	15	20	54	65
46	94	51	22	86
56	49	64	91	50
67	30	59	93	26
24	83	36	29	95
62	63	54	97	72
83	82	58	97	94
73	57	91	63	70
41	97	64	87	90
59	19	21	79	86
19	14	48	71	48
43	17	59	73	83
86	75	24	87	75
47	86	66	97	48
80	11	43	14	18
28	40	16	52	23
85	11	19	29	98
12	37	76	34	98
65	89	41	22	82
44	43	62	42	23
90	74	89	44	69
12	43	46	27	16
53	88	46	57	73
70	35	14	52	10
58	54	97	30	26
48	49	26	67	27
47	41	65	97	82
11	62	32	45	88
57	61	84	31	67
78	12	100	91	93
16	40	66	49	54
74	99	40	51	32
58	24	45	68	94
47	44	36	97	38
22	14	57	34	50
62	23	41	61	98
31	75	84	80	75
73	99	96	58	78
46	31	58	66	42
51	83	13	52	28
64	92	86	21	98
55	39	27	78	15
65	47	69	60	56
50	27	70	51	84
35	36	88	17	48
45	91	78	64	44
79	44	43	14	10
79	83	23	22	57
87	17	56	16	91
72	100	53	16	69
24	51	40	10	12
86	35	84	47	91
12	88	86	64	81
98	82	12	25	41
61	12	89	16	20
79	91	23	54	13
24	69	71	57	28
55	78	45	66	32
83	72	18	11	69
98	40	28	47	66
51	18	23	13	57
43	96	94	89	90
66	67	72	61	98
70	28	25	53	40
14	70	97	16	43
17	16	95	60	33
39	60	10	43	44
49	36	32	98	29
57	39	28	23	22
51	26	80	54	91
30	96	94	33	16
66	17	65	78	95
19	69	65	29	41
69	35	42	73	45
41	30	70	17	76
77	74	78	35	40
52	59	99	36	19
96	70	93	65	100
24	28	17	14	13
44	72	17	83	74
27	19	74	60	41
93	34	81	34	10
68	47	28	71	83
24	14	60	100	76
99	97	25	89	59
84	61	39	53	48
78	49	13	60	38
60	25	24	34	85
69	70	93	26	44
11	57	30	74	74
75	65	22	20	30
77	56	86	70	62
18	11	13	88	39
16	63	96	38	36
20	44	91	19	42
89	12	90	33	64
94	54	10	94	15
10	69	50	42	99
12	13	86	58	86
51	40	83	62	80
32	35	16	65	99
24	10	90	92	19
75	55	16	57	54
99	86	93	11	22
57	13	70	62	32
67	33	74	77	44
12	93	46	96	50
30	74	18	24	71
87	66	78	40	30
32	62	90	16	48
27	40	77	69	31
12	67	51	84	28
17	34	68	88	76
42	73	38	92	20
74	88	88	27	28
42	67	47	80	64
65	37	14	98	31
48	91	83	38	88
65	24	94	92	91
57	84	39	67	17
67	79	44	89	78
82	65	27	38	33
88	58	34	92	66
55	56	100	37	33
84	64	91	39	49
16	88	66	60	37
75	84	50	41	93
12	99	15	88	69
31	97	38	76	43
19	32	69	77	92
80	83	60	56	99
15	77	16	65	51
29	42	27	11	88
68	43	56	82	98
82	81	74	16	100
84	49	49	10	11
30	64	61	18	97
92	39	81	54	84
72	29	23	53	22
42	55	80	87	42
85	31	10	52	71
28	54	53	45	68
84	48	35	37	34
47	41	66	78	13
64	79	99	67	66
34	12	89	18	47
48	24	78	89	35
33	59	25	62	39
25	36	77	94	63
14	88	34	47	40
13	15	93	52	36
48	47	78	34	19
79	96	59	95	47
12	83	70	93	84
29	48	10	23	19
100	94	26	46	83
11	53	63	52	100
16	44	17	95	36
94	38	22	42	51
18	42	78	69	14
72	64	15	60	42
73	31	79	58	84
56	99	89	44	42
79	89	63	51	95
75	79	93	98	84
58	23	13	67	90
39	48	40	50	33
40	35	60	78	23
65	47	12	38	96
20	13	43	12	45
72	99	64	34	70
92	34	66	66	57
69	31	86	62	17
99	30	57	24	14
43	34	40	10	28
78	85	34	100	84
89	90	10	11	98
94	77	92	22	57
97	93	73	41	39
89	19	27	41	49
76	24	48	25	93
77	84	42	13	18
59	66	49	11	11
79	94	51	72	81
52	80	41	13	36
34	27	29	22	97
39	77	52	58	84
100	75	85	95	55
37	75	56	14	16
22	71	27	39	83
31	10	86	79	52
54	22	11	10	39
83	25	61	86	85
84	43	59	10	74
62	31	74	92	44
99	64	94	49	12
25	46	35	81	72
20	58	15	21	72
20	26	24	49	73
82	48	19	13	57
90	38	24	94	22
93	80	48	89	65
38	26	75	60	20
42	13	20	15	89
86	35	61	43	98
34	14	21	53	88
80	10	36	70	58
35	16	73	27	88
84	13	100	34	64
45	92	40	47	42
33	63	41	50	52
80	98	59	35	40
42	36	98	35	38
96	34	40	94	100
73	67	30	37	19
100	25	57	45	100
76	30	45	78	45
59	97	63	16	78
95	48	91	88	15
14	19	13	52	85
31	37	61	35	69
98	22	23	23	57
25	60	79	89	48
58	47	81	81	54
61	34	76	75	63
85	32	83	75	40
26	82	23	64	54
71	15	17	31	100
54	53	51	37	84
39	35	96	53	38
53	26	22	58	52
56	86	17	22	10
13	90	59	74	47
78	24	58	55	70
92	18	36	25	48
34	87	90	58	33
74	64	27	29	40
44	69	45	61	79
97	61	94	95	20
68	72	23	73	16
74	39	66	97	75
18	35	100	49	76
58	96	31	89	89
17	95	48	38	45
24	72	71	83	98
70	41	21	26	68
74	39	57	100	91
31	86	59	84	50
99	85	76	30	10
78	13	33	77	46
70	43	97	82	35
56	44	94	85	31
77	64	90	49	13
79	22	100	24	93
42	75	10	27	49
59	66	81	79	54
31	50	90	77	91
20	84	60	51	10
74	63	39	57	96
21	31	63	81	45
15	30	70	26	41
32	67	97	65	49
53	98	15	60	27
26	41	83	96	75
100	82	94	57	14
63	15	15	57	31
92	58	10	13	48
19	85	60	32	28
24	30	43	98	100
15	48	49	71	71
29	20	34	28	43
54	70	60	54	84
76	87	36	14	19
33	93	12	91	54
45	57	100	13	58
82	56	72	71	38
60	49	14	90	47
76	31	90	86	48
86	81	12	31	40
98	78	75	86	47
70	42	11	47	28
22	92	31	39	16
14	25	100	83	49
65	46	18	15	89
76	73	29	13	12
10	93	78	86	21
29	45	17	57	45
100	20	72	92	28
29	25	55	73	69
33	94	20	21	31
66	34	22	58	41
33	27	69	42	24
92	14	58	52	96
92	62	21	100	51
95	60	88	91	17
27	84	56	40	71
31	35	30	34	34
97	49	58	65	61
52	57	12	87	83
81	33	39	82	95
22	35	72	53	99
54	24	85	42	74
78	77	46	49	65
82	69	82	31	90
51	24	44	31	17
14	35	93	86	13
34	79	11	69	58
27	87	97	15	98
19	76	41	88	31
26	75	25	40	53
44	38	37	43	46
74	67	90	62	19
52	31	47	10	49
26	82	59	76	36
27	87	92	20	44
72	30	94	30	37
75	75	79	55	23
14	32	82	94	19
60	98	65	90	55
39	51	95	25	92
72	46	30	57	58
38	91	54	26	35
97	35	25	83	85
41	33	24	87	66
60	30	76	24	31
20	45	54	14	42
62	10	28	15	13
59	47	12	76	12
13	25	31	30	90
41	49	35	14	27
34	11	57	60	70
72	93	35	29	36
47	45	96	36	10
71	61	29	36	64
81	22	32	10	31
65	28	69	13	49
55	44	23	25	80
55	35	72	69	31
31	61	66	15	53
56	47	52	75	61
41	19	52	15	100
12	56	66	19	34
41	44	86	87	94
51	82	39	50	73
90	36	20	25	52
28	71	41	40	16
39	61	88	83	47
42	50	85	34	29
30	24	40	88	72
22	67	82	97	72
51	90	87	40	38
84	18	39	62	15
43	70	91	86	53
15	74	61	32	66
36	37	94	56	41
43	56	30	82	92
38	93	70	31	32
95	80	49	61	41
58	95	79	84	33
63	82	13	65	41
59	82	97	96	53
95	43	42	96	94
66	86	17	44	14
57	95	91	67	17
12	96	53	61	96
54	89	79	35	17
73	85	26	14	64
93	27	92	91	11
67	38	53	94	52
83	12	81	52	93
64	70	28	60	36
96	71	96	38	22
97	62	63	95	31
25	55	96	79	64
100	92	28	80	78
16	23	51	18	49
31	93	100	45	59
79	90	55	57	60
55	22	97	77	39
21	90	61	72	55
53	97	34	70	94
30	42	85	32	70
18	86	67	60	60
29	81	50	71	65
48	63	24	23	36
12	41	84	29	18
81	12	34	29	71
38	59	57	68	51
26	22	42	33	63
47	47	79	42	99
22	37	64	39	78
76	29	28	47	61
78	14	51	48	85
36	31	58	24	98
98	31	17	58	52
82	24	23	78	74
18	67	34	73	48
63	66	93	35	77
45	71	76	50	67
36	18	32	22	44
93	10	59	56	62
63	58	11	36	52
72	75	60	13	64
70	31	56	83	51
68	44	20	26	22
20	32	96	15	27
75	87	38	20	48
37	19	92	53	75
37	57	21	33	47
13	39	18	69	13
87	80	54	25	13
55	23	83	89	64
27	93	73	28	24
56	100	59	79	18
97	24	89	93	86
78	15	62	61	19
45	98	18	88	75
89	37	19	94	17
74	44	60	24	39
36	57	80	78	93
86	34	87	41	10
41	59	24	34	97
100	71	80	99	65
23	42	11	88	43
56	40	62	73	78
96	92	28	97	76
16	18	81	65	83
56	96	44	16	75
80	53	68	75	74
92	38	79	69	75
52	65	14	14	56
13	18	10	36	44
89	97	99	77	50
17	13	44	73	84
49	21	34	44	92
36	59	50	50	25
19	62	30	73	44
11	99	29	35	87
55	77	24	41	62
78	45	78	91	29
83	37	14	50	17
48	66	69	47	90
51	12	92	64	34
92	75	55	74	89
92	49	36	18	100
21	36	62	85	39
48	86	61	86	25
43	67	55	20	27
30	98	92	95	27
64	40	93	86	78
14	35	58	98	81
48	80	93	97	11
39	21	28	18	35
64	64	81	44	29
64	94	20	67	65
28	65	80	45	76
73	20	37	15	94
56	40	99	98	74
57	95	24	81	60
79	43	37	18	25
34	86	54	23	66
97	54	71	19	24
27	49	55	72	12
64	73	71	46	82
79	60	34	77	34
99	16	85	85	23
96	22	42	83	31
77	36	20	35	87
93	14	66	12	21
26	86	87	33	58
75	45	66	34	68
25	51	22	57	63
19	40	75	76	43
19	23	75	91	69
90	56	53	69	58
24	70	53	72	42
85	99	26	33	59
19	99	100	19	83
53	68	61	20	58
19	26	96	80	41
21	20	100	25	90
92	62	95	87	98
81	100	89	80	84
91	41	93	42	24
50	79	22	14	15
89	73	22	57	83
46	96	38	58	61
32	49	56	15	84
63	24	88	11	68
43	20	85	98	93
45	15	33	30	26
21	87	87	86	32
44	77	11	46	40
21	10	48	51	33
61	63	64	35	24
23	27	14	37	99
69	53	68	46	22
87	29	97	46	32
96	13	64	76	10
14	19	94	95	13
33	76	21	83	68
70	92	22	37	36
97	49	23	42	69
98	75	12	55	21
75	14	46	95	58
82	23	18	61	69
99	38	44	74	54
10	35	61	97	43
97	99	64	33	52
41	99	16	85	79
70	58	44	12	21
19	38	63	89	44
21	80	20	46	68
47	93	10	37	79
29	24	29	66	11
41	63	34	53	69
46	24	82	13	92
40	71	33	17	78
12	46	27	94	15
40	35	11	90	54
44	47	87	91	21
50	79	80	66	71
13	45	36	98	83
48	31	32	100	85
60	21	86	51	99
58	31	26	53	64
40	28	68	83	56
15	52	17	86	57
46	51	76	72	37
11	67	96	59	91
94	92	67	25	26
67	35	10	57	22
80	71	100	56	37
58	22	57	79	69
46	38	51	81	53
52	82	93	18	15
82	27	87	85	91
12	75	14	65	35
100	50	72	71	69
33	38	64	74	83
79	32	11	69	93
44	63	59	38	39
69	52	64	86	43
81	87	85	57	89
45	47	39	91	23
43	50	68	43	42
83	90	65	13	19
68	59	58	29	97
87	13	96	69	27
41	28	44	60	48
87	39	43	77	65
61	53	40	40	16
30	45	22	82	99
96	82	91	100	98
46	74	88	97	23
94	93	32	76	50
89	80	73	28	68
94	83	78	21	32
97	51	16	46	49
77	92	67	43	13
31	75	12	91	20
52	61	13	70	54
10	58	40	46	72
88	92	52	87	60
36	97	72	73	17
56	27	65	39	86
37	46	69	49	11
75	98	89	82	66
85	38	60	83	59
25	72	65	25	76
49	81	42	61	21
57	54	36	69	75
70	46	97	66	14
56	51	36	100	16
55	98	60	89	88
29	94	58	21	59
14	25	33	81	79
84	67	98	84	19
18	35	64	75	30
78	48	100	55	54
53	14	25	13	64
74	72	61	14	53
31	73	36	93	68
45	87	47	12	19
76	69	70	91	44
56	46	84	16	48
100	59	63	44	20
64	96	72	69	69
99	74	25	68	93
69	50	57	28	85
48	24	68	49	100
39	68	90	14	100
22	29	33	85	75
90	64	79	61	73
56	54	69	88	88
46	92	22	71	52
23	62	67	61	26
93	15	100	51	89
59	17	40	43	66
93	79	22	100	85
12	80	71	74	76
29	64	85	40	52
74	29	44	64	79
13	44	28	25	98
38	30	77	56	22
30	14	53	38	51
92	10	31	63	87
88	44	52	95	16
73	16	66	82	78
24	39	59	98	55
31	17	35	24	80
50	40	71	88	76
38	34	71	34	70
46	83	53	66	21
34	61	27	27	35
49	100	75	30	50
26	55	73	96	92
28	39	73	96	19
42	11	10	69	45
27	80	56	77	18
24	16	16	26	84
55	69	16	98	29
93	76	83	53	57
65	74	73	66	55
90	74	83	82	79
22	69	97	61	16
62	37	24	76	39
100	71	54	55	70
24	53	48	12	92
13	43	57	91	13
62	32	44	52	43
74	57	14	30	73
43	45	52	44	68
13	78	96	25	30
79	98	76	81	16
43	33	78	80	82
38	87	78	38	29
70	48	80	65	100
15	54	92	96	24
27	68	53	66	56
38	41	82	94	78
45	57	96	50	73
87	28	99	21	59
41	63	24	15	83
84	94	89	70	89
17	68	15	92	66
33	43	65	50	67
21	58	24	65	34
90	84	86	11	88
20	59	61	53	74
43	78	71	99	31
53	20	97	96	99
42	77	46	18	74
71	33	63	83	34
71	43	55	60	39
90	96	67	67	85
18	57	95	45	80
44	73	53	41	10
50	43	86	49	31
47	26	27	49	33
85	64	15	83	39
44	27	53	45	33
99	37	11	63	37
13	97	38	62	92
18	49	87	14	49
22	85	99	78	99
47	49	32	88	23
85	74	17	68	61
58	97	72	95	45
13	94	38	83	68
98	48	57	58	60
83	35	31	36	52
66	22	33	76	17
68	15	74	23	43
32	93	91	74	72
67	49	98	47	41
91	14	51	97	63
97	19	97	32	48
21	56	77	24	96
14	56	12	45	23
83	85	10	13	34
98	93	20	71	66
29	81	57	51	99
45	43	19	57	77
95	85	52	82	51
48	75	45	57	57
63	63	68	48	28
94	56	69	82	41
33	85	45	59	68
53	87	36	97	20
94	61	75	38	65
41	56	60	93	11
51	16	95	73	40
88	44	33	14	72
39	92	96	50	43
35	99	94	53	35
12	43	92	51	50
29	24	85	17	35
39	57	12	13	44
28	27	48	58	34
77	23	81	31	47
70	69	69	25	69
44	58	77	60	12
31	88	54	70	25
62	53	12	98	73
96	93	74	42	86
37	52	46	19	79
72	67	100	37	23
23	65	94	73	21
47	57	13	39	91
78	38	65	61	17
23	32	57	71	85
55	85	32	13	36
44	18	20	92	100
20	12	75	47	68
41	53	36	71	40
21	74	35	26	33
65	20	64	61	47
49	46	31	85	98
14	57	17	84	23
37	28	33	87	51
53	36	47	36	80
77	38	54	47	86
61	74	12	32	14
55	60	48	79	71
89	34	16	42	18
79	47	29	73	48
29	18	91	82	38
69	19	45	59	62
26	44	21	50	88
13	16	65	31	32
18	27	37	55	86
21	62	67	78	22
93	16	91	49	49
45	68	46	77	69
60	97	91	56	96
56	19	80	89	85
89	16	47	47	18
80	29	63	63	50
85	80	40	19	62
22	92	44	94	96
76	42	35	62	13
10	79	66	23	66
69	85	92	81	98
39	84	10	80	36
32	63	14	56	94
97	24	10	29	98
61	87	29	17	83
98	93	55	44	29
20	25	60	43	88
92	33	64	61	36
100	38	19	74	95
72	44	32	93	83
94	97	45	76	72
67	79	28	31	21
24	40	33	61	43
13	89	97	97	48
31	100	12	32	93
77	72	85	86	68
18	80	69	93	94
62	83	57	27	97
94	89	44	84	73
45	61	35	44	35
75	75	70	14	36
54	87	67	84	98
98	86	74	49	41
74	76	96	23	21
29	13	41	67	89
27	63	40	22	28
26	66	39	25	83
58	20	65	74	67
90	62	76	27	95
83	49	45	55	83
95	47	14	93	82
20	42	81	68	66
34	26	73	27	85
13	30	95	37	10
74	50	39	77	45
23	96	87	79	66
40	43	88	28	35
33	91	12	53	43
10	11	76	81	33
62	19	31	92	83
31	72	30	72	21
81	92	56	68	83
62	43	86	60	77
76	95	53	68	23
61	46	47	77	47
56	23	20	67	48
34	15	80	36	100
100	25	45	65	62
16	17	39	14	78
47	31	13	33	88
89	99	16	25	76
99	13	89	22	63
87	92	84	69	49
83	24	89	58	79
53	94	72	69	45
17	76	93	12	40
82	75	74	29	36
53	61	79	17	42
75	57	27	51	11
48	84	82	70	65
55	18	60	78	34
76	74	29	53	90
84	39	57	39	75
49	35	17	85	81
83	60	14	26	95
38	86	42	54	93
36	62	10	18	32
22	68	10	14	89
55	32	61	68	64
77	46	17	96	92
21	20	31	88	51
63	24	84	97	64
47	78	99	39	21
61	84	12	73	94
16	81	28	90	91
96	87	51	73	64
24	40	53	25	17
11	83	84	96	91
36	76	41	45	52
49	62	97	22	94
65	43	64	22	72
46	19	46	76	53
48	76	82	35	100
92	94	42	28	81
25	67	45	13	67
42	93	27	23	24
86	51	80	35	17
45	43	31	58	89
52	11	67	31	76
95	35	80	18	36
27	50	21	51	27
87	24	40	92	73
92	59	31	32	73
18	82	92	88	15
66	75	37	14	17
80	64	77	47	78
80	38	26	39	50
28	27	41	79	85
55	49	90	97	98
22	96	19	92	18
99	93	54	19	81
54	84	36	57	69
30	55	94	61	90
22	94	17	97	17
15	57	19	79	79
85	93	19	68	88
24	71	97	27	63
11	86	74	50	39
86	84	84	13	94
46	23	51	98	90
85	79	20	28	26
15	32	17	33	24
80	70	15	62	59
67	39	63	65	83
52	18	66	20	41
47	100	72	60	81
19	51	94	13	24
76	37	66	43	13
55	45	57	96	34
57	25	52	29	46
50	22	91	69	36
59	94	69	90	17
86	74	82	58	70
77	38	18	53	52
44	44	87	44	92
41	88	96	63	51
68	50	78	96	10
50	97	98	72	54
17	89	23	51	36
18	27	77	32	100
56	58	84	75	31
98	46	65	63	94
31	72	22	61	77
31	94	80	73	73
21	25	81	19	73
65	33	22	44	85
13	35	18	53	15
17	33	71	51	51
58	66	40	59	58
97	57	67	24	75
74	81	25	50	34
49	58	10	89	21
56	86	46	78	12
28	84	77	64	77
35	81	85	29	59
15	44	79	10	96
17	20	15	61	56
83	18	21	11	37
63	74	10	33	26
24	90	21	36	20
82	95	85	40	17
59	77	89	98	16
37	68	88	18	29
100	33	44	99	54
82	47	94	77	98
51	48	26	60	100
68	75	31	44	75
97	66	19	86	33
90	42	65	36	73
10	35	89	95	86
15	91	52	34	93
88	98	51	38	15
72	31	16	51	12
11	45	60	48	37
46	30	64	83	96
55	93	35	62	80
85	77	24	73	39
42	80	48	64	82
16	12	19	27	29
37	58	61	24	23
18	23	73	21	81
27	12	97	14	46
51	31	13	76	35
81	42	36	69	13
93	92	17	64	71
47	18	13	97	14
46	60	23	79	31
39	52	65	48	40
74	77	89	92	47
57	89	21	31	80
33	71	43	74	42
43	92	80	55	19
65	35	74	40	32
84	58	69	76	43
62	35	100	88	90
55	12	79	51	51
73	85	33	31	11
32	25	54	68	63
52	54	78	24	44
37	88	54	16	32
33	70	24	92	47
17	10	43	48	10
19	39	71	62	46
46	24	28	43	54
37	100	68	29	92
82	11	95	26	75
47	68	31	85	57
39	94	32	63	64
40	27	38	60	36
31	94	80	71	48
98	84	54	70	21
58	20	12	70	46
67	93	91	87	77
26	14	42	89	69
71	61	50	98	86
86	45	59	12	69
75	81	21	81	68
58	90	91	35	32
64	88	36	89	68
65	60	61	88	50
90	53	66	78	93
96	35	73	29	95
84	75	12	66	11
55	49	88	26	93
35	76	29	12	48
87	88	60	75	40
13	39	53	15	49
65	17	94	40	85
20	42	54	43	63
37	31	70	31	91
23	87	17	38	55
23	54	26	32	44
65	69	84	67	57
99	73	79	53	75
46	39	40	84	40
53	58	91	62	21
96	14	51	55	72
98	49	32	96	61
51	34	66	74	70
40	41	42	55	54
21	96	57	12	58
11	69	23	36	93
35	81	69	62	23
46	25	16	63	44
85	60	97	65	17
76	48	69	26	44
91	43	16	57	57
95	72	87	87	26
20	24	98	93	24
78	24	38	78	45
61	52	20	55	38
87	50	52	11	100
11	29	75	86	42
54	70	56	82	38
77	80	23	63	77
94	50	100	12	44
75	76	51	48	72
13	89	70	23	84
70	16	32	86	90
62	15	84	86	69
54	13	57	55	15
22	84	11	53	28
30	85	16	13	78
70	93	94	91	51
16	25	11	19	99
49	19	81	33	78
75	17	55	54	23
71	11	23	66	74
55	65	100	15	41
91	95	14	29	73
10	93	40	92	19
92	78	14	94	92
11	42	35	53	37
61	89	16	67	64
78	28	52	100	38
66	52	67	94	25
66	10	97	87	45
49	64	40	74	27
29	83	52	62	38
43	20	100	99	80
32	54	55	38	56
81	65	92	44	81
94	97	12	67	38
81	90	21	10	53
47	49	25	47	72
57	16	32	30	91
41	21	30	70	81
86	45	80	24	12
25	98	39	42	10
58	82	31	31	98
63	58	62	29	95
15	10	84	98	53
15	94	22	23	76
69	34	51	67	100
99	32	40	100	31
37	19	59	54	41
29	58	99	62	17
21	53	18	38	17
70	96	62	37	13
30	84	48	52	63
53	38	74	18	78
61	61	55	93	14
76	96	48	33	76
53	30	19	92	12
84	24	19	32	89
79	87	20	13	82
87	98	15	43	27
59	46	57	61	57
91	25	98	41	96
29	85	16	52	87
35	68	73	79	50
38	79	81	98	75
84	88	56	16	40
44	24	31	13	32
66	18	72	62	34
81	53	58	51	32
73	60	74	96	40
64	16	93	69	75
52	79	66	43	38
35	80	55	24	10
91	82	93	75	84
76	60	62	29	57
93	15	21	82	11
12	74	72	62	43
73	39	48	44	37
35	16	52	82	23
79	87	84	39	67
74	18	65	44	85
91	68	78	21	82
55	58	24	78	27
12	44	74	44	98
73	47	30	18	72
69	14	40	17	50
41	77	93	49	81
10	14	75	73	98
100	97	83	85	81
28	76	11	100	41
97	47	13	53	80
95	10	48	21	77
51	25	60	27	25
48	78	84	35	39
65	28	91	27	78
66	62	52	22	17
52	12	25	54	90
99	43	92	15	28
57	29	44	89	90
72	12	69	71	93
24	73	92	81	46
37	75	41	95	28
31	56	74	75	59
25	19	61	48	19
65	60	24	71	71
30	49	54	94	59
94	72	30	85	73
71	69	92	47	28
79	12	70	76	57
11	47	51	59	99
17	73	92	74	63
10	72	72	93	15
67	79	95	58	94
84	11	58	98	34
49	67	78	46	65
71	11	46	81	36
30	26	15	68	14
32	12	70	61	22
68	77	29	44	54
86	50	80	49	33
15	30	43	56	58
24	77	31	89	13
79	100	91	64	60
60	64	49	49	44
58	89	67	76	90
33	55	13	37	43
39	27	31	12	74
39	35	89	16	42
74	45	60	84	74
57	15	43	60	36
26	26	14	91	86
71	79	47	23	23
60	86	44	18	35
86	67	76	81	18
55	17	46	82	73
63	21	58	37	90
61	65	55	57	53
86	67	84	28	88
42	43	56	53	40
62	14	28	64	48
32	70	85	11	54
55	77	56	77	85
52	39	44	90	79
56	21	18	68	82
35	18	89	18	87
20	10	81	70	31
68	72	64	81	30
16	66	11	43	92
68	48	77	26	67
29	73	58	10	45
16	16	20	100	78
27	85	38	14	64
37	100	52	57	33
51	37	77	51	80
25	95	79	82	94
54	32	64	23	97
38	82	11	26	68
84	60	55	69	87
27	80	56	16	39
84	14	43	95	86
100	68	79	52	62
71	69	69	44	98
60	15	17	42	68
94	68	15	68	92
85	68	54	97	48
84	49	94	91	95
21	56	69	21	35
100	93	24	41	84
35	27	62	53	21
91	81	39	85	61
24	67	35	91	100
69	63	36	75	56
55	12	26	80	72
47	48	77	36	51
26	88	27	95	59
21	51	44	54	42
89	23	97	83	62
65	14	47	98	83
13	58	95	34	29
98	48	30	90	55
17	30	43	60	62
89	76	42	40	19
98	92	77	96	32
88	60	41	83	78
48	35	19	39	84
90	94	77	33	39
87	35	48	34	13
90	70	15	64	34
10	61	80	94	33
44	51	97	27	39
58	69	10	77	24
71	57	51	16	20
70	100	38	46	14
74	16	25	88	89
64	91	18	38	53
71	19	69	43	62
41	85	86	17	81
87	71	28	51	100
39	53	73	74	34
94	70	57	22	87
14	49	86	23	75
19	51	99	44	70
89	50	57	97	39
48	10	80	28	16
20	30	75	22	38
68	54	75	54	79
37	66	52	29	94
72	87	90	40	11
65	64	42	78	96
35	54	32	42	32
42	13	69	18	17
38	98	75	51	93
55	23	46	79	95
72	92	57	54	52
73	16	52	33	55
18	46	40	27	59
82	25	34	68	47
81	42	42	43	73
96	76	50	100	44
28	75	64	41	70
12	83	84	66	33
25	100	41	62	56
51	53	29	100	16
66	28	44	85	32
63	35	97	22	22
87	81	96	13	65
54	22	56	55	75
73	77	72	64	87
81	84	13	83	81
20	13	71	57	91
56	84	22	73	56
14	96	28	51	34
39	96	56	21	47
59	65	14	41	82
87	73	54	74	58
81	56	85	29	25
68	33	50	11	52
40	48	12	68	77
11	48	20	78	12
19	79	74	92	81
29	18	24	100	63
44	43	45	79	31
30	24	48	90	47
69	41	88	95	50
77	60	46	15	91
91	15	93	44	56
30	58	41	31	44
54	22	71	36	77
45	82	71	88	63
56	16	62	74	66
35	39	24	98	35
47	76	32	68	78
62	79	15	25	64
55	72	32	73	80
45	55	41	93	70
24	100	11	15	52
72	13	16	74	82
56	44	75	64	58
30	74	88	76	68
49	62	61	96	92
29	88	86	30	87
78	79	28	89	31
89	53	86	98	11
15	32	13	85	27
100	39	93	81	49
33	82	40	68	13
95	85	81	62	80
43	10	39	11	70
89	40	79	21	29
40	37	98	65	31
90	78	25	43	12
80	61	18	64	32
32	34	68	97	95
44	80	75	33	54
30	59	60	49	57
19	49	65	73	61
72	15	45	46	75
83	13	11	61	61
60	46	28	93	11
50	94	46	79	80
26	35	87	15	11
31	22	48	12	62
20	58	95	42	21
23	36	71	14	79
88	86	62	22	25
58	63	36	21	76
27	75	43	73	18
27	58	32	41	30
96	63	35	56	26
94	20	67	19	30
43	69	50	25	47
40	73	64	51	42
97	38	21	18	55
22	33	47	31	19
88	61	65	95	56
39	12	86	22	28
45	89	92	28	51
39	85	77	74	13
22	89	51	27	33
42	32	84	51	48
70	59	82	57	51
37	85	29	24	33
20	35	27	61	20
71	53	12	66	12
44	22	17	63	90
36	47	89	73	36
33	34	24	68	38
32	75	27	73	42
71	93	43	41	97
25	42	35	87	47
65	69	13	61	71
55	32	82	18	22
33	32	27	63	44
28	29	10	83	46
74	44	24	91	91
61	59	64	45	81
91	35	62	85	54
99	49	62	44	74
14	25	17	27	22
62	77	61	40	68
89	85	10	37	97
29	20	67	18	56
73	92	15	95	30
20	91	66	85	62
60	49	69	40	37
45	39	100	42	95
70	41	79	59	42
85	40	94	79	48
39	10	40	57	92
93	11	56	48	74
88	53	23	30	82
97	74	78	99	76
44	43	66	84	98
95	20	73	43	94
98	54	27	59	24
65	94	26	94	21
66	68	86	74	73
37	98	10	99	67
34	83	74	32	66
72	52	62	93	31
50	72	40	66	49
35	21	75	83	25
62	26	66	44	24
12	62	40	68	24
47	43	33	85	87
23	76	84	19	87
99	10	65	51	37
74	73	64	44	20
88	83	87	57	22
45	84	69	91	27
64	42	91	89	20
12	69	97	86	61
27	38	75	76	90
24	50	59	85	63
64	24	22	71	56
11	44	10	92	60
20	69	42	13	49
87	74	58	28	82
75	57	94	79	41
66	55	31	67	56
90	36	87	38	12
89	46	93	100	31
36	42	36	93	11
25	21	70	13	71
79	66	42	83	54
20	46	63	68	43
15	21	26	22	85
79	90	89	53	10
86	84	76	29	51
75	39	50	51	70
45	90	10	98	93
27	25	66	37	48
10	27	23	36	64
53	11	27	97	93
25	16	28	41	48
81	62	44	87	29
18	70	59	76	71
40	76	39	70	61
60	29	25	24	62
92	64	93	80	71
85	23	45	91	82
16	98	61	54	40
38	51	60	70	10
77	63	72	76	98
42	62	37	99	87
77	50	54	71	65
63	54	14	47	86
32	53	31	80	70
67	23	58	35	100
66	63	97	47	54
26	80	49	100	21
57	95	31	26	21
46	40	19	76	29
84	86	53	44	24
55	75	21	78	39
65	16	97	94	74
89	17	76	96	60
12	40	38	93	92
17	45	84	73	86
25	83	42	97	35
100	54	62	100	31
96	24	56	58	70
55	83	71	68	62
95	27	37	60	98
15	100	19	79	59
29	68	63	17	10
79	88	56	49	16
95	96	74	55	57
64	54	84	39	75
86	55	87	14	72
84	39	83	94	67
24	62	42	13	55
22	26	80	83	13
38	82	24	15	76
60	24	96	20	73
60	16	65	27	65
98	13	61	74	55
48	68	52	38	58
61	15	29	63	87
79	49	29	85	40
31	71	97	58	45
15	65	62	90	37
96	47	90	60	64
92	17	84	43	37
36	34	73	14	98
16	37	88	88	25
32	43	32	31	63
49	15	22	83	71
17	22	41	15	57
27	98	84	90	62
98	85	93	76	63
18	21	93	60	79
40	31	70	35	76
90	94	94	53	16
100	39	34	68	93
43	46	93	64	72
19	34	12	95	65
47	46	64	72	78
24	17	46	96	55
71	54	39	73	54
26	34	60	15	56
67	95	91	62	54
87	83	53	35	26
36	86	70	28	70
22	53	32	32	26
52	11	93	29	19
80	26	49	75	69
93	13	43	25	81
97	65	15	52	11
18	45	76	60	19
86	67	46	92	99
53	21	34	85	70
31	15	26	71	76
90	34	82	63	33
74	87	23	63	86
18	85	39	69	33
87	77	81	18	19
73	88	58	94	76
65	36	25	71	80
22	75	10	70	68
84	27	86	77	82
17	16	90	50	60
48	66	35	78	56
83	87	31	71	69
84	90	42	50	42
45	72	89	32	78
68	95	69	52	17
42	28	62	22	30
90	46	41	43	74
23	40	79	29	73
66	75	75	36	90
25	54	30	54	37
14	36	59	43	72
78	24	18	57	74
40	69	91	39	17
98	70	90	67	44
67	87	36	45	43
97	25	74	86	84
66	44	20	90	98
22	36	35	53	14
66	66	35	91	34
85	85	32	86	24
28	72	82	38	30
60	28	30	33	12
35	28	29	80	19
34	68	43	21	89
77	65	45	27	19
81	25	84	48	82
33	13	30	32	65
65	93	21	90	37
85	12	25	54	28
84	29	69	55	76
12	14	14	15	88
33	24	61	85	68
99	45	12	86	69
16	54	84	58	88
36	23	56	72	33
27	67	75	52	11
50	25	20	94	70
61	37	33	91	91
30	66	32	93	58
90	41	61	49	57
32	29	68	16	27
44	66	97	18	95
26	13	55	100	44
64	61	69	81	38
47	50	31	88	89
95	44	38	86	45
48	98	36	21	41
75	59	12	37	31
82	46	99	91	60
21	25	93	39	100
24	83	66	26	72
65	54	66	89	60
93	82	21	28	20
85	15	95	10	87
54	18	97	89	14
69	94	26	46	73
12	38	37	58	88
27	51	75	46	69
84	64	21	11	66
60	99	85	34	91
33	56	100	25	90
60	70	75	48	34
56	11	76	11	54
68	28	65	93	73
100	99	74	58	79
69	39	20	34	12
24	96	75	99	12
45	77	87	86	48
27	59	33	20	39
100	75	45	70	98
58	11	16	34	67
81	69	28	21	84
93	65	98	47	89
25	99	39	52	83
68	55	32	75	71
52	61	99	95	10
79	46	30	18	63
37	30	94	35	62
61	70	88	81	89
96	13	61	45	77
52	51	85	92	93
65	95	57	74	14
28	70	11	85	76
83	80	85	28	29
65	13	70	56	75
43	23	62	57	55
53	100	75	72	45
10	38	12	53	13
40	42	22	38	99
17	100	38	56	100
73	82	64	97	82
22	52	64	68	76
46	16	71	36	47
56	69	35	55	97
56	62	81	83	99
24	96	74	16	14
44	22	44	61	86
64	28	75	20	84
59	55	21	100	53
99	62	84	96	53
16	70	45	83	89
97	35	23	10	71
82	71	13	24	59
99	49	89	79	82
22	11	56	52	98
93	93	92	26	25
29	100	91	99	43
99	33	65	71	83
58	98	38	91	39
69	47	29	24	70
100	83	44	32	57
60	46	45	79	88
65	28	100	13	64
20	80	47	33	61
73	40	83	46	80
16	99	76	96	40
16	55	46	41	81
62	68	48	47	16
43	77	63	74	99
83	41	70	77	92
10	37	31	68	70
12	23	67	15	78
72	58	72	11	68
100	78	69	25	49
57	12	48	91	56
20	44	10	39	71
50	18	41	28	22
95	47	49	14	57
10	21	97	55	56
16	61	15	25	26
22	82	75	63	46
19	20	93	48	19
65	70	78	38	52
68	88	41	54	94
97	57	66	46	36
18	67	50	20	73
86	51	19	25	69
83	60	87	86	60
88	19	32	17	99
68	34	27	16	98
23	24	90	71	15
36	71	55	69	32
85	62	52	42	72
77	15	69	70	99
97	79	12	42	97
20	67	68	97	64
62	71	32	64	96
47	54	34	59	79
66	96	79	35	20
40	74	15	75	26
43	40	96	47	94
96	45	88	11	92
85	84	61	53	82
39	17	44	38	93
25	22	74	16	47
100	69	51	26	23
91	100	96	50	17
41	97	43	15	40
74	15	52	18	87
70	73	100	38	37
95	98	82	41	71
74	77	40	21	86
73	31	75	41	91
67	79	22	28	95
14	88	33	45	19
40	46	87	25	39
21	55	15	11	88
38	66	11	95	35
76	68	94	66	93
33	25	13	67	20
29	29	58	76	84
40	23	62	92	81
90	87	51	99	40
21	86	55	38	56
61	28	99	89	17
10	56	55	36	23
56	84	37	20	86
31	85	59	12	98
82	36	35	75	75
12	71	89	66	85
89	74	28	64	65
54	17	61	60	65
59	71	51	95	87
69	27	95	81	97
87	23	71	65	23
60	36	92	99	96
49	40	16	37	60
10	36	36	83	38
29	51	73	27	99
51	59	19	10	16
62	85	99	83	66
76	21	82	57	36
52	76	46	68	18
23	69	58	76	64
47	85	97	28	58
70	54	90	17	23
55	43	41	70	28
53	47	70	35	92
53	44	25	48	71
64	13	63	97	22
82	22	39	28	90
40	12	63	62	35
70	67	14	70	26
43	89	67	24	24
58	96	52	37	62
66	66	29	91	56
40	57	85	99	31
77	31	93	27	39
96	13	25	73	20
41	57	28	32	96
13	55	69	19	68
89	39	100	44	12
39	18	89	58	40
27	67	82	20	50
12	85	19	32	93
15	24	42	31	53
47	72	17	58	53
36	57	70	84	20
68	56	24	22	87
64	30	46	91	33
52	57	99	45	24
31	56	39	18	95
60	24	19	65	73
85	87	60	89	69
62	91	18	81	54
96	56	67	50	86
99	90	45	91	35
34	12	38	48	82
50	24	99	78	83
51	32	59	81	82
51	52	74	13	23
56	75	68	23	19
25	12	70	68	66
79	71	53	63	26
58	71	63	96	75
94	16	90	98	71
52	20	65	63	41
91	79	35	15	37
93	96	65	77	21
67	37	60	54	54
30	94	80	29	44
23	81	49	48	25
67	73	18	26	23
45	31	62	93	53
10	94	55	11	15
71	33	87	96	78
66	16	94	17	97
60	87	64	55	51
97	26	24	70	98
39	33	54	95	25
28	72	69	90	51
72	34	47	15	100
38	93	33	46	48
55	68	58	82	95
91	67	39	43	98
29	25	86	42	22
60	99	15	96	62
70	55	29	97	53
15	17	24	11	53
11	38	77	16	10
76	53	61	40	34
37	52	45	45	63
56	16	68	11	70
40	87	15	74	63
91	53	24	76	83
30	65	28	40	49
90	40	12	25	98
48	43	14	43	81
30	54	18	83	91
50	34	46	49	56
26	70	19	16	79
87	100	73	77	44
65	60	49	93	65
49	94	13	29	41
65	45	65	64	100
17	70	87	10	36
71	21	82	78	24
89	38	96	83	83
97	14	15	74	18
41	94	67	86	11
98	13	19	93	100
71	13	49	52	88
21	83	92	39	31
18	24	61	51	73
11	47	64	38	81
64	67	89	77	41
35	69	28	11	12
32	96	43	64	30
84	28	29	96	56
65	65	24	59	11
36	62	96	73	83
27	99	59	57	89
31	26	74	95	96
80	20	75	29	61
72	95	52	89	17
39	12	26	50	81
75	26	43	30	35
17	49	14	69	72
48	55	56	13	47
83	73	40	75	43
86	11	59	59	94
83	77	28	94	73
81	58	73	81	18
13	62	57	37	44
38	20	38	11	58
28	17	66	83	48
56	68	15	51	57
86	28	53	51	91
64	54	98	35	53
55	43	77	72	93
51	20	88	27	58
69	61	62	98	91
86	97	26	75	28
41	52	46	65	19
52	98	13	15	43
23	38	77	66	71
41	91	85	95	91
97	30	19	89	73
93	49	17	47	49
71	50	88	70	24
40	54	37	93	48
72	76	78	91	21
69	36	68	91	28
69	16	36	23	80
46	57	86	43	19
75	31	12	100	98
10	13	33	84	55
45	95	83	88	99
18	89	61	31	22
16	76	21	92	19
33	53	21	37	56
58	29	59	61	62
91	71	80	37	73
35	42	81	97	10
44	91	48	57	15
11	66	35	58	84
77	40	71	81	13
49	66	87	74	26
86	26	12	89	69
64	13	35	39	46
15	18	17	55	70
83	28	21	67	21
98	21	100	65	55
34	51	23	23	53
12	71	21	80	75
96	29	84	98	48
22	76	16	55	57
42	79	25	17	27
48	77	72	14	65
65	89	34	87	72
98	56	61	15	73
46	78	69	80	90
55	95	97	20	21
51	36	79	12	58
68	96	28	13	61
62	49	33	97	68
59	99	88	60	79
68	63	63	66	83
51	64	26	83	76
54	68	20	48	78
20	37	50	76	72
92	65	23	26	19
77	68	19	82	53
99	18	17	55	76
92	86	21	30	20
69	26	19	13	67
86	69	28	46	67
22	14	86	81	76
58	49	80	48	14
46	76	56	38	77
41	63	37	77	10
80	77	77	34	79
72	10	60	36	67
69	18	82	98	63
67	42	95	38	52
47	41	26	41	33
41	26	11	94	45
100	99	68	49	86
99	64	52	98	93
75	85	50	79	97
30	95	54	55	70
29	81	13	70	87
13	50	23	32	38
72	68	83	98	99
81	57	17	82	19
17	30	72	69	81
47	77	19	80	89
69	35	29	50	24
82	72	52	36	64
73	43	55	68	92
71	68	46	79	90
19	74	12	81	58
59	80	38	35	71
78	83	22	52	91
54	49	17	10	28
75	47	10	35	48
42	94	24	57	91
54	44	76	89	95
37	89	91	36	87
91	79	87	13	91
25	95	84	46	91
90	10	12	20	69
90	88	96	90	64
51	94	62	83	69
15	26	16	80	54
72	64	88	32	69
83	10	22	60	99
71	30	94	42	87
32	42	62	96	31
70	28	27	41	19
38	20	37	73	66
54	94	66	17	15
19	53	49	62	40
58	42	97	60	98
95	46	100	46	36
48	25	91	48	44
40	92	95	82	72
95	43	40	33	21
49	17	48	54	79
83	51	50	74	59
64	16	22	68	10
13	79	100	10	51
38	88	54	76	17
52	25	90	22	96
43	12	85	97	73
36	66	69	78	33
16	36	46	30	81
81	38	68	44	89
51	77	46	13	24
100	63	89	85	21
52	89	98	45	29
35	95	97	23	54
66	23	46	71	20
40	10	92	76	41
76	28	75	92	98
84	20	91	73	81
36	94	32	54	76
93	79	46	64	74
11	24	45	73	72
28	41	36	97	72
14	98	26	11	73
93	100	78	52	21
92	19	42	25	44
49	31	21	57	80
35	94	28	99	59
53	27	26	42	24
63	79	84	43	90
72	59	11	85	24
51	38	57	77	81
32	51	86	92	43
32	46	69	71	73
34	26	70	39	100
73	78	87	40	56
43	20	85	98	31
16	57	87	97	91
43	47	37	29	45
93	49	16	12	32
38	89	93	99	25
58	79	36	29	26
52	50	54	63	15
49	42	64	56	100
53	62	48	76	42
85	87	35	16	100
65	68	34	75	64
48	12	81	84	45
27	53	98	15	59
79	35	82	34	90
39	85	20	26	43
20	29	28	28	91
30	43	91	64	30
12	16	86	35	25
69	20	60	83	13
15	81	68	23	42
61	63	49	17	85
75	27	69	31	72
36	83	71	60	29
22	52	16	87	71
69	67	79	68	35
87	32	79	48	77
23	57	81	38	47
88	10	41	22	89
14	10	80	94	97
83	29	89	61	53
43	100	81	25	74
16	30	14	95	51
67	83	67	42	70
47	94	18	21	86
79	45	19	42	23
64	51	89	94	11
17	15	45	35	82
39	60	37	95	70
86	12	59	76	52
89	31	62	20	27
64	65	91	49	15
77	77	23	67	12
10	25	56	54	44
33	12	49	37	45
66	60	58	58	34
43	27	46	81	92
100	38	93	13	86
12	45	32	23	31
73	25	72	50	99
87	83	17	97	95
48	55	78	62	86
92	39	37	99	97
48	39	44	79	38
95	84	73	26	95
68	94	84	40	26
52	10	46	55	79
73	69	60	59	81
70	35	11	14	76
91	13	30	90	65
59	46	46	70	48
29	94	45	61	13
47	62	42	15	91
11	42	95	90	41
48	65	44	42	80
84	25	72	48	92
89	84	72	31	58
22	48	10	16	92
74	89	94	26	41
10	76	34	17	43
70	91	45	52	11
66	74	66	34	39
72	94	19	44	61
90	50	21	98	15
97	28	54	32	26
36	92	92	98	42
38	47	34	36	28
10	47	91	96	14
25	32	96	89	97
74	95	79	79	22
14	19	18	11	55
24	20	58	77	79
32	99	55	78	31
50	71	55	59	35
62	100	84	44	83
75	15	68	58	23
92	48	55	94	37
99	38	13	53	78
63	84	64	84	61
66	77	64	52	21
45	42	45	59	98
38	50	51	82	27
65	16	97	12	64
48	10	55	85	58
12	76	19	49	31
36	96	19	23	27
27	20	42	52	79
13	12	94	40	70
86	75	83	43	88
96	66	35	77	32
